{
  "advancedEditorSelectedIdentifier" : "ProjectBrowser",
  "openSceneRelativePaths" : [
    "Immersive.usda",
    "FantasyScene.usda",
    "logo_animation.usda"
  ],
  "recentIdentifiers" : {
    "2E31150D-17B5-4793-9DBF-18EB3BADA431" : [

    ]
  },
  "sceneCameraHistory" : {
    "2E31150D-17B5-4793-9DBF-18EB3BADA431" : [
      {
        "date" : 752444659.941661,
        "title" : "Untitled",
        "transform" : [
          0.89761406,
          -1.9281117e-08,
          -0.44078213,
          0,
          -0.040740777,
          0.9957193,
          -0.082965106,
          0,
          0.4388953,
          0.09242841,
          0.89377165,
          0,
          1.6468573,
          0.80755824,
          0.31906307,
          1
        ]
      },
      {
        "date" : 752254093.252621,
        "title" : "Untitled",
        "transform" : [
          0.89761406,
          -1.9281117e-08,
          -0.44078213,
          0,
          -0.040740777,
          0.9957193,
          -0.082965106,
          0,
          0.4388953,
          0.09242841,
          0.89377165,
          0,
          1.0878658,
          1.403124,
          0.5319724,
          1
        ]
      },
      {
        "date" : 752242209.903635,
        "title" : "Untitled",
        "transform" : [
          0.89761406,
          -1.9281117e-08,
          -0.44078213,
          0,
          -0.04074078,
          0.99571943,
          -0.08296511,
          0,
          0.4388953,
          0.09242841,
          0.89377165,
          0,
          0.4134065,
          1.2887257,
          -1.2790371,
          1
        ]
      },
      {
        "date" : 752242208.380776,
        "title" : "Untitled",
        "transform" : [
          0.89951885,
          -1.97638e-08,
          -0.43688214,
          0,
          -0.038541112,
          0.9961012,
          -0.07935434,
          0,
          0.4351788,
          0.08821859,
          0.8960116,
          0,
          0.4122611,
          1.2874776,
          -1.2784622,
          1
        ]
      },
      {
        "date" : 752242204.196399,
        "title" : "Untitled",
        "transform" : [
          0.8778836,
          -1.9693637e-08,
          -0.47887418,
          0,
          -0.036387835,
          0.99710894,
          -0.06670713,
          0,
          0.47748968,
          0.07598623,
          0.8753454,
          0,
          0.42540407,
          1.2838506,
          -1.283431,
          1
        ]
      },
      {
        "date" : 752242193.765227,
        "title" : "Untitled",
        "transform" : [
          0.89278615,
          -2.04416e-08,
          -0.45048085,
          0,
          -0.043293145,
          0.99537134,
          -0.08580067,
          0,
          0.4483957,
          0.09610432,
          0.8886536,
          0,
          0.41633677,
          1.2911627,
          -1.2804497,
          1
        ]
      },
      {
        "date" : 752242183.595333,
        "title" : "Untitled",
        "transform" : [
          0.9195953,
          -2.5202336e-08,
          -0.39286712,
          0,
          -0.018184824,
          0.99892825,
          -0.042565856,
          0,
          0.392446,
          0.04628753,
          0.91860956,
          0,
          0.37425256,
          1.2358918,
          -1.2601867,
          1
        ]
      },
      {
        "date" : 752242178.200291,
        "title" : "Untitled",
        "transform" : [
          0.9195953,
          -2.5202336e-08,
          -0.39286712,
          0,
          -0.018184824,
          0.99892825,
          -0.042565856,
          0,
          0.39244607,
          0.046287533,
          0.9186097,
          0,
          0.40559343,
          1.2832159,
          -1.2840834,
          1
        ]
      },
      {
        "date" : 752242175.350191,
        "title" : "Untitled",
        "transform" : [
          0.9189317,
          -1.4672942e-08,
          -0.3944171,
          0,
          -0.03673022,
          0.99565446,
          -0.085575886,
          0,
          0.3927031,
          0.09312538,
          0.9149384,
          0,
          0.40544945,
          1.2967288,
          -1.285652,
          1
        ]
      },
      {
        "date" : 752242173.475777,
        "title" : "Untitled",
        "transform" : [
          0.91893166,
          -2.00754e-08,
          -0.39441708,
          0,
          -0.036210194,
          0.99577695,
          -0.08436429,
          0,
          0.3927514,
          0.09180692,
          0.91505086,
          0,
          0.40546983,
          1.2963489,
          -1.2856045,
          1
        ]
      }
    ],
    "AF09ED6F-1707-48FD-8720-65B998362C09" : [
      {
        "date" : 752179245.078766,
        "title" : "Untitled",
        "transform" : [
          1,
          0,
          0,
          0,
          0,
          0.7071069,
          -0.70710677,
          0,
          0,
          0.70710677,
          0.7071069,
          0,
          0.22882155,
          2.6621702,
          0.9954133,
          1
        ]
      },
      {
        "date" : 752179239.859431,
        "title" : "Untitled",
        "transform" : [
          1,
          0,
          0,
          0,
          0,
          0.7071069,
          -0.70710677,
          0,
          0,
          0.70710677,
          0.7071069,
          0,
          0.0194467,
          1.9154346,
          1.7421465,
          1
        ]
      },
      {
        "date" : 752179236.354875,
        "title" : "Untitled",
        "transform" : [
          1,
          0,
          0,
          0,
          0,
          0.7071069,
          -0.70710677,
          0,
          0,
          0.70710677,
          0.7071069,
          0,
          0.3140265,
          1.8763752,
          1.7812059,
          1
        ]
      }
    ]
  },
  "sceneViewportBackgroundColors" : {

  },
  "selectedSceneRelativePath" : "logo_animation.usda"
}