{
  "advancedEditorSelectedIdentifier" : "BehaviorsPluginID",
  "openSceneRelativePaths" : [
    "logo_animation.usda",
    "FantasyScene.usda",
    "TestAnimation.usda",
    "Indicator.usda"
  ],
  "recentIdentifiers" : {
    "2E31150D-17B5-4793-9DBF-18EB3BADA431" : [

    ],
    "2388C4B3-5436-4637-87A4-E534FA0C2767" : [

    ],
    "A0D2B39C-5161-45A3-B5BA-E63C73CD98C4" : [

    ],
    "D5588EC1-EE1A-4737-9A34-90182F54C7FE" : [

    ]
  },
  "sceneCameraHistory" : {
    "0C45104E-FAE4-4F89-9180-6639314DBCD7" : [
      {
        "date" : 752780489.822731,
        "title" : "Untitled",
        "transform" : [
          1,
          0,
          0,
          0,
          0,
          0.7071069,
          -0.70710677,
          0,
          0,
          0.70710677,
          0.7071069,
          0,
          -0.080143765,
          2.3354106,
          1.2197864,
          1
        ]
      },
      {
        "date" : 752778244.955278,
        "title" : "Untitled",
        "transform" : [
          1,
          0,
          0,
          0,
          0,
          0.7071069,
          -0.70710677,
          0,
          0,
          0.70710677,
          0.7071069,
          0,
          -0.080143765,
          2.3866024,
          1.2709782,
          1
        ]
      }
    ],
    "2E31150D-17B5-4793-9DBF-18EB3BADA431" : [
      {
        "date" : 753473875.994607,
        "title" : "Untitled",
        "transform" : [
          0.9885214,
          -8.140712e-08,
          0.15108067,
          0,
          0.04246424,
          0.9596876,
          -0.2778425,
          0,
          -0.14499046,
          0.28106856,
          0.94867176,
          0,
          -0.13062596,
          1.5449512,
          -0.024816513,
          1
        ]
      },
      {
        "date" : 753457478.978783,
        "title" : "Untitled",
        "transform" : [
          0.9885214,
          -8.140712e-08,
          0.15108067,
          0,
          0.04246424,
          0.9596876,
          -0.2778425,
          0,
          -0.14499046,
          0.28106856,
          0.94867176,
          0,
          -0.21567512,
          1.7037337,
          -0.08485842,
          1
        ]
      },
      {
        "date" : 753451768.581067,
        "title" : "Untitled",
        "transform" : [
          0.9885214,
          -8.140712e-08,
          0.15108067,
          0,
          0.04246424,
          0.9596876,
          -0.2778425,
          0,
          -0.14499046,
          0.28106856,
          0.94867176,
          0,
          -0.33444133,
          2.4083843,
          0.49286652,
          1
        ]
      },
      {
        "date" : 753451741.009497,
        "title" : "Untitled",
        "transform" : [
          -0.9356074,
          -8.17126e-08,
          0.3530422,
          0,
          0.11351712,
          0.94689596,
          0.30083555,
          0,
          -0.33429402,
          0.32154012,
          -0.8859229,
          0,
          -0.0155209005,
          2.489248,
          -3.245893,
          1
        ]
      },
      {
        "date" : 753451732.004243,
        "title" : "Untitled",
        "transform" : [
          0.9993909,
          -7.8395594e-08,
          0.034898143,
          0,
          0.006006913,
          0.9850757,
          -0.17201716,
          0,
          -0.034377497,
          0.17212185,
          0.9844756,
          0,
          -0.99081683,
          2.2438297,
          0.067568064,
          1
        ]
      },
      {
        "date" : 753451719.374725,
        "title" : "Untitled",
        "transform" : [
          0.9993909,
          -7.8395594e-08,
          0.034898143,
          0,
          0.006006913,
          0.9850757,
          -0.17201716,
          0,
          -0.034377497,
          0.17212185,
          0.9844756,
          0,
          -0.32394415,
          1.6893524,
          0.18779755,
          1
        ]
      },
      {
        "date" : 753318710.294554,
        "title" : "Untitled",
        "transform" : [
          0.9993909,
          -7.8395594e-08,
          0.034898143,
          0,
          0.006006913,
          0.9850757,
          -0.17201716,
          0,
          -0.034377497,
          0.17212185,
          0.9844756,
          0,
          -0.14309317,
          1.8445209,
          0.1669836,
          1
        ]
      },
      {
        "date" : 753099735.990927,
        "title" : "Untitled",
        "transform" : [
          0.9993909,
          -7.8395594e-08,
          0.034898143,
          0,
          0.006006913,
          0.9850757,
          -0.17201716,
          0,
          -0.034377497,
          0.17212185,
          0.9844756,
          0,
          -0.04875824,
          1.3823606,
          -0.4075451,
          1
        ]
      },
      {
        "date" : 753099731.858868,
        "title" : "Untitled",
        "transform" : [
          0.9993909,
          -7.8395594e-08,
          0.034898143,
          0,
          0.006006913,
          0.9850757,
          -0.17201716,
          0,
          -0.034377497,
          0.17212185,
          0.9844756,
          0,
          -0.032802552,
          1.2735583,
          -0.38796568,
          1
        ]
      },
      {
        "date" : 753099717.92597,
        "title" : "Untitled",
        "transform" : [
          0.9876254,
          -7.812692e-08,
          -0.15683159,
          0,
          -0.050009146,
          0.9477976,
          -0.31492683,
          0,
          0.14864443,
          0.31887257,
          0.936069,
          0,
          0.053873762,
          1.3501902,
          -0.5389539,
          1
        ]
      }
    ],
    "6CF94453-80D0-436A-9377-843D1877013B" : [
      {
        "date" : 752787852.011056,
        "title" : "Untitled",
        "transform" : [
          0.99919504,
          -1.8097897e-09,
          -0.040115155,
          0,
          0.00084656005,
          0.9997773,
          0.02108622,
          0,
          0.040106222,
          -0.021103123,
          0.99897254,
          0,
          0.020925378,
          -0.011664055,
          0.56448096,
          1
        ]
      },
      {
        "date" : 752521114.355618,
        "title" : "Untitled",
        "transform" : [
          0.99919504,
          -1.8097897e-09,
          -0.040115155,
          0,
          0.00084656005,
          0.9997773,
          0.02108622,
          0,
          0.040106222,
          -0.021103123,
          0.99897254,
          0,
          0.020277582,
          -0.011302968,
          0.5470061,
          1
        ]
      },
      {
        "date" : 752521101.071147,
        "title" : "Untitled",
        "transform" : [
          1,
          0,
          0,
          0,
          0,
          0.7071069,
          -0.70710677,
          0,
          0,
          0.70710677,
          0.7071069,
          0,
          -0.00082007726,
          1.1004418,
          1.1010325,
          1
        ]
      },
      {
        "date" : 752521098.972953,
        "title" : "Untitled",
        "transform" : [
          1,
          0,
          0,
          0,
          0,
          0.7071069,
          -0.70710677,
          0,
          0,
          0.70710677,
          0.7071069,
          0,
          -0.0014757353,
          0.51812154,
          0.5191843,
          1
        ]
      }
    ],
    "2388C4B3-5436-4637-87A4-E534FA0C2767" : [
      {
        "date" : 752778472.79175,
        "title" : "Untitled",
        "transform" : [
          1,
          0,
          0,
          0,
          0,
          0.7071069,
          -0.70710677,
          0,
          0,
          0.70710677,
          0.7071069,
          0,
          0.008367192,
          2.0483265,
          0.48164272,
          1
        ]
      },
      {
        "date" : 752778458.9565,
        "title" : "Untitled",
        "transform" : [
          1,
          0,
          0,
          0,
          0,
          0.7071069,
          -0.70710677,
          0,
          0,
          0.70710677,
          0.7071069,
          0,
          -0.004865222,
          2.0598776,
          1.147213,
          1
        ]
      },
      {
        "date" : 752778434.940101,
        "title" : "Untitled",
        "transform" : [
          1,
          0,
          0,
          0,
          0,
          0.7071069,
          -0.70710677,
          0,
          0,
          0.70710677,
          0.7071069,
          0,
          -0.0006656742,
          0.70302975,
          0.61687076,
          1
        ]
      }
    ],
    "A0D2B39C-5161-45A3-B5BA-E63C73CD98C4" : [
      {
        "date" : 752706103.481401,
        "title" : "Untitled",
        "transform" : [
          0.99643326,
          -1.1588095e-09,
          -0.08438471,
          0,
          -0.043606017,
          0.85613483,
          -0.51490945,
          0,
          0.07224469,
          0.51675254,
          0.85308117,
          0,
          -0.021129355,
          0.5350917,
          0.61711705,
          1
        ]
      },
      {
        "date" : 752706050.063242,
        "title" : "Untitled",
        "transform" : [
          0.99643326,
          -1.1588095e-09,
          -0.08438471,
          0,
          -0.043606017,
          0.85613483,
          -0.51490945,
          0,
          0.07224469,
          0.51675254,
          0.85308117,
          0,
          0.010655656,
          0.6588858,
          0.53943723,
          1
        ]
      }
    ],
    "AF09ED6F-1707-48FD-8720-65B998362C09" : [
      {
        "date" : 752774526.534881,
        "title" : "Untitled",
        "transform" : [
          1,
          0,
          0,
          0,
          0,
          0.7071069,
          -0.70710677,
          0,
          0,
          0.70710677,
          0.7071069,
          0,
          0.22074318,
          2.6492887,
          1.539961,
          1
        ]
      },
      {
        "date" : 752774523.573276,
        "title" : "Untitled",
        "transform" : [
          1,
          0,
          0,
          0,
          0,
          0.7071069,
          -0.70710677,
          0,
          0,
          0.70710677,
          0.7071069,
          0,
          0.77257717,
          3.5292366,
          2.8571792,
          1
        ]
      },
      {
        "date" : 752179245.078766,
        "title" : "Untitled",
        "transform" : [
          1,
          0,
          0,
          0,
          0,
          0.7071069,
          -0.70710677,
          0,
          0,
          0.70710677,
          0.7071069,
          0,
          0.22882155,
          2.6621702,
          0.9954133,
          1
        ]
      },
      {
        "date" : 752179239.859431,
        "title" : "Untitled",
        "transform" : [
          1,
          0,
          0,
          0,
          0,
          0.7071069,
          -0.70710677,
          0,
          0,
          0.70710677,
          0.7071069,
          0,
          0.0194467,
          1.9154346,
          1.7421465,
          1
        ]
      },
      {
        "date" : 752179236.354875,
        "title" : "Untitled",
        "transform" : [
          1,
          0,
          0,
          0,
          0,
          0.7071069,
          -0.70710677,
          0,
          0,
          0.70710677,
          0.7071069,
          0,
          0.3140265,
          1.8763752,
          1.7812059,
          1
        ]
      }
    ],
    "D5588EC1-EE1A-4737-9A34-90182F54C7FE" : [
      {
        "date" : 752959720.871433,
        "title" : "Untitled",
        "transform" : [
          0.9988696,
          -3.137189e-09,
          -0.04753382,
          0,
          -0.0076032295,
          0.9871244,
          -0.15977333,
          0,
          0.0469218,
          0.15995415,
          0.9860086,
          0,
          0.024752092,
          1.3192686,
          0.29169416,
          1
        ]
      },
      {
        "date" : 752959717.45083,
        "title" : "Untitled",
        "transform" : [
          0.9988696,
          -3.137189e-09,
          -0.04753382,
          0,
          -0.0076032295,
          0.9871244,
          -0.15977333,
          0,
          0.0469218,
          0.15995415,
          0.9860086,
          0,
          0.02138722,
          1.1566801,
          -0.6553612,
          1
        ]
      },
      {
        "date" : 752958333.683476,
        "title" : "Untitled",
        "transform" : [
          0.9988696,
          -3.2252543e-09,
          -0.047533825,
          0,
          -0.0076032374,
          0.9871245,
          -0.15977335,
          0,
          0.04692176,
          0.15995413,
          0.9860087,
          0,
          1.9535654,
          17.146189,
          51.06911,
          1
        ]
      },
      {
        "date" : 752956571.518116,
        "title" : "Untitled",
        "transform" : [
          0.9027387,
          -4.142536e-09,
          0.43018937,
          0,
          -0.07084748,
          0.9863456,
          0.14867118,
          0,
          -0.4243154,
          -0.16468906,
          0.8904123,
          0,
          -23.207884,
          -2.0442002,
          48.040318,
          1
        ]
      },
      {
        "date" : 752956552.616253,
        "title" : "Untitled",
        "transform" : [
          0.9027387,
          -4.142536e-09,
          0.43018937,
          0,
          -0.07084748,
          0.9863456,
          0.14867118,
          0,
          -0.4243154,
          -0.16468906,
          0.8904123,
          0,
          -0.15835074,
          1.0575144,
          -0.6900085,
          1
        ]
      },
      {
        "date" : 752956541.365386,
        "title" : "Untitled",
        "transform" : [
          0.9027386,
          -4.77049e-09,
          0.4301894,
          0,
          -0.0708475,
          0.98634547,
          0.14867118,
          0,
          -0.42431542,
          -0.16468906,
          0.89041215,
          0,
          -0.061534032,
          0.84361976,
          -0.67357326,
          1
        ]
      },
      {
        "date" : 752956537.565183,
        "title" : "Untitled",
        "transform" : [
          0.9027386,
          -4.77049e-09,
          0.4301894,
          0,
          -0.0708475,
          0.98634547,
          0.14867118,
          0,
          -0.42431542,
          -0.16468906,
          0.89041215,
          0,
          -0.08516762,
          0.78355825,
          -0.5482014,
          1
        ]
      },
      {
        "date" : 752956534.101249,
        "title" : "Untitled",
        "transform" : [
          0.9027386,
          -4.77049e-09,
          0.4301894,
          0,
          -0.0708475,
          0.98634547,
          0.14867118,
          0,
          -0.42431542,
          -0.16468906,
          0.89041215,
          0,
          -0.37997207,
          0.554888,
          0.32694912,
          1
        ]
      },
      {
        "date" : 752956509.22384,
        "title" : "Untitled",
        "transform" : [
          0.9027386,
          -4.77049e-09,
          0.4301894,
          0,
          -0.0708475,
          0.98634547,
          0.14867118,
          0,
          -0.42431542,
          -0.16468906,
          0.89041215,
          0,
          -0.65161467,
          0.23667681,
          1.2755872,
          1
        ]
      },
      {
        "date" : 752956505.610255,
        "title" : "Untitled",
        "transform" : [
          0.90273863,
          -6.293938e-09,
          0.4301895,
          0,
          -0.07084753,
          0.9863455,
          0.14867118,
          0,
          -0.42431545,
          -0.1646891,
          0.8904122,
          0,
          -23.903856,
          26.750711,
          93.343475,
          1
        ]
      }
    ]
  },
  "selectedSceneRelativePath" : "FantasyScene.usda"
}