{
  "advancedEditorSelectedIdentifier" : "BehaviorsPluginID",
  "openSceneRelativePaths" : [
    "logo_animation.usda",
    "FantasyScene.usda",
    "TestAnimation.usda",
    "Indicator.usda"
  ],
  "recentIdentifiers" : {
    "2E31150D-17B5-4793-9DBF-18EB3BADA431" : [

    ],
    "2388C4B3-5436-4637-87A4-E534FA0C2767" : [

    ],
    "A0D2B39C-5161-45A3-B5BA-E63C73CD98C4" : [

    ],
    "D5588EC1-EE1A-4737-9A34-90182F54C7FE" : [

    ]
  },
  "sceneCameraHistory" : {
    "0C45104E-FAE4-4F89-9180-6639314DBCD7" : [
      {
        "date" : 752780489.822731,
        "title" : "Untitled",
        "transform" : [
          1,
          0,
          0,
          0,
          0,
          0.7071069,
          -0.70710677,
          0,
          0,
          0.70710677,
          0.7071069,
          0,
          -0.080143765,
          2.3354106,
          1.2197864,
          1
        ]
      },
      {
        "date" : 752778244.955278,
        "title" : "Untitled",
        "transform" : [
          1,
          0,
          0,
          0,
          0,
          0.7071069,
          -0.70710677,
          0,
          0,
          0.70710677,
          0.7071069,
          0,
          -0.080143765,
          2.3866024,
          1.2709782,
          1
        ]
      }
    ],
    "2E31150D-17B5-4793-9DBF-18EB3BADA431" : [
      {
        "date" : 753488878.025147,
        "title" : "Untitled",
        "transform" : [
          0.73846227,
          -1.9642812e-08,
          0.67429477,
          0,
          0.34141922,
          0.8623371,
          -0.37390876,
          0,
          -0.5814695,
          0.50633454,
          0.63680345,
          0,
          -0.44339776,
          1.3735983,
          -0.7756524,
          1
        ]
      },
      {
        "date" : 753488870.039684,
        "title" : "Untitled",
        "transform" : [
          0.73846227,
          -1.9642812e-08,
          0.67429477,
          0,
          0.34141922,
          0.8623371,
          -0.37390876,
          0,
          -0.5814695,
          0.50633454,
          0.63680345,
          0,
          -0.29642653,
          1.4188137,
          -0.6774042,
          1
        ]
      },
      {
        "date" : 753488854.273758,
        "title" : "Untitled",
        "transform" : [
          0.87294006,
          -1.2185694e-08,
          0.4878275,
          0,
          0.16724494,
          0.93939555,
          -0.2992745,
          0,
          -0.45826298,
          0.34283522,
          0.820036,
          0,
          -0.18238586,
          1.2915936,
          -0.56002784,
          1
        ]
      },
      {
        "date" : 753488849.357672,
        "title" : "Untitled",
        "transform" : [
          0.9978157,
          -1.859491e-08,
          0.06605967,
          0,
          0.06409668,
          0.24199177,
          -0.9681589,
          0,
          -0.015985858,
          0.9702782,
          0.24146335,
          0,
          0.23315261,
          1.7614751,
          -1.2239351,
          1
        ]
      },
      {
        "date" : 753488844.798194,
        "title" : "Untitled",
        "transform" : [
          0.9978157,
          -1.859491e-08,
          0.06605967,
          0,
          0.06409668,
          0.24199177,
          -0.9681589,
          0,
          -0.015985858,
          0.9702782,
          0.24146335,
          0,
          0.22576806,
          1.7615042,
          -1.2245433,
          1
        ]
      },
      {
        "date" : 753488836.497655,
        "title" : "Untitled",
        "transform" : [
          0.9312054,
          -2.0120359e-08,
          0.36449495,
          0,
          0.3288256,
          0.43144485,
          -0.8400768,
          0,
          -0.15725946,
          0.9021392,
          0.4017639,
          0,
          -0.16982856,
          1.7123392,
          -1.0817038,
          1
        ]
      },
      {
        "date" : 753488808.125523,
        "title" : "Untitled",
        "transform" : [
          0.7798828,
          -9.3474455e-09,
          0.62592554,
          0,
          0.3493096,
          0.82979494,
          -0.43522772,
          0,
          -0.51938987,
          0.5580683,
          0.6471428,
          0,
          -0.45170718,
          1.4681034,
          -0.8646375,
          1
        ]
      },
      {
        "date" : 753488805.93991,
        "title" : "Untitled",
        "transform" : [
          0.7541003,
          -2.9052991e-08,
          0.6567592,
          0,
          0.6501309,
          0.1417171,
          -0.7464891,
          0,
          -0.09307407,
          0.98990715,
          0.10686905,
          0,
          -0.07447329,
          1.7574403,
          -1.33617,
          1
        ]
      },
      {
        "date" : 753488799.872893,
        "title" : "Untitled",
        "transform" : [
          0.7621036,
          -3.136779e-08,
          0.6474553,
          0,
          0.64706105,
          0.034899414,
          -0.761639,
          0,
          -0.022595862,
          0.9993908,
          0.026597101,
          0,
          -0.023104725,
          1.751822,
          -1.3968726,
          1
        ]
      },
      {
        "date" : 753488792.97301,
        "title" : "Untitled",
        "transform" : [
          0.75769866,
          -3.747554e-08,
          0.65260434,
          0,
          0.649139,
          0.10292114,
          -0.7536748,
          0,
          -0.067166924,
          0.99468935,
          0.07798337,
          0,
          -0.05879835,
          1.7537017,
          -1.3548588,
          1
        ]
      }
    ],
    "6CF94453-80D0-436A-9377-843D1877013B" : [
      {
        "date" : 752787852.011056,
        "title" : "Untitled",
        "transform" : [
          0.99919504,
          -1.8097897e-09,
          -0.040115155,
          0,
          0.00084656005,
          0.9997773,
          0.02108622,
          0,
          0.040106222,
          -0.021103123,
          0.99897254,
          0,
          0.020925378,
          -0.011664055,
          0.56448096,
          1
        ]
      },
      {
        "date" : 752521114.355618,
        "title" : "Untitled",
        "transform" : [
          0.99919504,
          -1.8097897e-09,
          -0.040115155,
          0,
          0.00084656005,
          0.9997773,
          0.02108622,
          0,
          0.040106222,
          -0.021103123,
          0.99897254,
          0,
          0.020277582,
          -0.011302968,
          0.5470061,
          1
        ]
      },
      {
        "date" : 752521101.071147,
        "title" : "Untitled",
        "transform" : [
          1,
          0,
          0,
          0,
          0,
          0.7071069,
          -0.70710677,
          0,
          0,
          0.70710677,
          0.7071069,
          0,
          -0.00082007726,
          1.1004418,
          1.1010325,
          1
        ]
      },
      {
        "date" : 752521098.972953,
        "title" : "Untitled",
        "transform" : [
          1,
          0,
          0,
          0,
          0,
          0.7071069,
          -0.70710677,
          0,
          0,
          0.70710677,
          0.7071069,
          0,
          -0.0014757353,
          0.51812154,
          0.5191843,
          1
        ]
      }
    ],
    "2388C4B3-5436-4637-87A4-E534FA0C2767" : [
      {
        "date" : 752778472.79175,
        "title" : "Untitled",
        "transform" : [
          1,
          0,
          0,
          0,
          0,
          0.7071069,
          -0.70710677,
          0,
          0,
          0.70710677,
          0.7071069,
          0,
          0.008367192,
          2.0483265,
          0.48164272,
          1
        ]
      },
      {
        "date" : 752778458.9565,
        "title" : "Untitled",
        "transform" : [
          1,
          0,
          0,
          0,
          0,
          0.7071069,
          -0.70710677,
          0,
          0,
          0.70710677,
          0.7071069,
          0,
          -0.004865222,
          2.0598776,
          1.147213,
          1
        ]
      },
      {
        "date" : 752778434.940101,
        "title" : "Untitled",
        "transform" : [
          1,
          0,
          0,
          0,
          0,
          0.7071069,
          -0.70710677,
          0,
          0,
          0.70710677,
          0.7071069,
          0,
          -0.0006656742,
          0.70302975,
          0.61687076,
          1
        ]
      }
    ],
    "A0D2B39C-5161-45A3-B5BA-E63C73CD98C4" : [
      {
        "date" : 752706103.481401,
        "title" : "Untitled",
        "transform" : [
          0.99643326,
          -1.1588095e-09,
          -0.08438471,
          0,
          -0.043606017,
          0.85613483,
          -0.51490945,
          0,
          0.07224469,
          0.51675254,
          0.85308117,
          0,
          -0.021129355,
          0.5350917,
          0.61711705,
          1
        ]
      },
      {
        "date" : 752706050.063242,
        "title" : "Untitled",
        "transform" : [
          0.99643326,
          -1.1588095e-09,
          -0.08438471,
          0,
          -0.043606017,
          0.85613483,
          -0.51490945,
          0,
          0.07224469,
          0.51675254,
          0.85308117,
          0,
          0.010655656,
          0.6588858,
          0.53943723,
          1
        ]
      }
    ],
    "AF09ED6F-1707-48FD-8720-65B998362C09" : [
      {
        "date" : 752774526.534881,
        "title" : "Untitled",
        "transform" : [
          1,
          0,
          0,
          0,
          0,
          0.7071069,
          -0.70710677,
          0,
          0,
          0.70710677,
          0.7071069,
          0,
          0.22074318,
          2.6492887,
          1.539961,
          1
        ]
      },
      {
        "date" : 752774523.573276,
        "title" : "Untitled",
        "transform" : [
          1,
          0,
          0,
          0,
          0,
          0.7071069,
          -0.70710677,
          0,
          0,
          0.70710677,
          0.7071069,
          0,
          0.77257717,
          3.5292366,
          2.8571792,
          1
        ]
      },
      {
        "date" : 752179245.078766,
        "title" : "Untitled",
        "transform" : [
          1,
          0,
          0,
          0,
          0,
          0.7071069,
          -0.70710677,
          0,
          0,
          0.70710677,
          0.7071069,
          0,
          0.22882155,
          2.6621702,
          0.9954133,
          1
        ]
      },
      {
        "date" : 752179239.859431,
        "title" : "Untitled",
        "transform" : [
          1,
          0,
          0,
          0,
          0,
          0.7071069,
          -0.70710677,
          0,
          0,
          0.70710677,
          0.7071069,
          0,
          0.0194467,
          1.9154346,
          1.7421465,
          1
        ]
      },
      {
        "date" : 752179236.354875,
        "title" : "Untitled",
        "transform" : [
          1,
          0,
          0,
          0,
          0,
          0.7071069,
          -0.70710677,
          0,
          0,
          0.70710677,
          0.7071069,
          0,
          0.3140265,
          1.8763752,
          1.7812059,
          1
        ]
      }
    ],
    "D5588EC1-EE1A-4737-9A34-90182F54C7FE" : [
      {
        "date" : 752959720.871433,
        "title" : "Untitled",
        "transform" : [
          0.9988696,
          -3.137189e-09,
          -0.04753382,
          0,
          -0.0076032295,
          0.9871244,
          -0.15977333,
          0,
          0.0469218,
          0.15995415,
          0.9860086,
          0,
          0.024752092,
          1.3192686,
          0.29169416,
          1
        ]
      },
      {
        "date" : 752959717.45083,
        "title" : "Untitled",
        "transform" : [
          0.9988696,
          -3.137189e-09,
          -0.04753382,
          0,
          -0.0076032295,
          0.9871244,
          -0.15977333,
          0,
          0.0469218,
          0.15995415,
          0.9860086,
          0,
          0.02138722,
          1.1566801,
          -0.6553612,
          1
        ]
      },
      {
        "date" : 752958333.683476,
        "title" : "Untitled",
        "transform" : [
          0.9988696,
          -3.2252543e-09,
          -0.047533825,
          0,
          -0.0076032374,
          0.9871245,
          -0.15977335,
          0,
          0.04692176,
          0.15995413,
          0.9860087,
          0,
          1.9535654,
          17.146189,
          51.06911,
          1
        ]
      },
      {
        "date" : 752956571.518116,
        "title" : "Untitled",
        "transform" : [
          0.9027387,
          -4.142536e-09,
          0.43018937,
          0,
          -0.07084748,
          0.9863456,
          0.14867118,
          0,
          -0.4243154,
          -0.16468906,
          0.8904123,
          0,
          -23.207884,
          -2.0442002,
          48.040318,
          1
        ]
      },
      {
        "date" : 752956552.616253,
        "title" : "Untitled",
        "transform" : [
          0.9027387,
          -4.142536e-09,
          0.43018937,
          0,
          -0.07084748,
          0.9863456,
          0.14867118,
          0,
          -0.4243154,
          -0.16468906,
          0.8904123,
          0,
          -0.15835074,
          1.0575144,
          -0.6900085,
          1
        ]
      },
      {
        "date" : 752956541.365386,
        "title" : "Untitled",
        "transform" : [
          0.9027386,
          -4.77049e-09,
          0.4301894,
          0,
          -0.0708475,
          0.98634547,
          0.14867118,
          0,
          -0.42431542,
          -0.16468906,
          0.89041215,
          0,
          -0.061534032,
          0.84361976,
          -0.67357326,
          1
        ]
      },
      {
        "date" : 752956537.565183,
        "title" : "Untitled",
        "transform" : [
          0.9027386,
          -4.77049e-09,
          0.4301894,
          0,
          -0.0708475,
          0.98634547,
          0.14867118,
          0,
          -0.42431542,
          -0.16468906,
          0.89041215,
          0,
          -0.08516762,
          0.78355825,
          -0.5482014,
          1
        ]
      },
      {
        "date" : 752956534.101249,
        "title" : "Untitled",
        "transform" : [
          0.9027386,
          -4.77049e-09,
          0.4301894,
          0,
          -0.0708475,
          0.98634547,
          0.14867118,
          0,
          -0.42431542,
          -0.16468906,
          0.89041215,
          0,
          -0.37997207,
          0.554888,
          0.32694912,
          1
        ]
      },
      {
        "date" : 752956509.22384,
        "title" : "Untitled",
        "transform" : [
          0.9027386,
          -4.77049e-09,
          0.4301894,
          0,
          -0.0708475,
          0.98634547,
          0.14867118,
          0,
          -0.42431542,
          -0.16468906,
          0.89041215,
          0,
          -0.65161467,
          0.23667681,
          1.2755872,
          1
        ]
      },
      {
        "date" : 752956505.610255,
        "title" : "Untitled",
        "transform" : [
          0.90273863,
          -6.293938e-09,
          0.4301895,
          0,
          -0.07084753,
          0.9863455,
          0.14867118,
          0,
          -0.42431545,
          -0.1646891,
          0.8904122,
          0,
          -23.903856,
          26.750711,
          93.343475,
          1
        ]
      }
    ]
  },
  "selectedSceneRelativePath" : "FantasyScene.usda"
}