{
  "advancedEditorSelectedIdentifier" : "BehaviorsPluginID",
  "openSceneRelativePaths" : [
    "Immersive.usda",
    "logo_animation.usda",
    "FantasyScene.usda",
    "TestAnimation.usda"
  ],
  "recentIdentifiers" : {
    "2E31150D-17B5-4793-9DBF-18EB3BADA431" : [

    ],
    "2388C4B3-5436-4637-87A4-E534FA0C2767" : [

    ],
    "A0D2B39C-5161-45A3-B5BA-E63C73CD98C4" : [

    ],
    "D5588EC1-EE1A-4737-9A34-90182F54C7FE" : [

    ]
  },
  "sceneCameraHistory" : {
    "0C45104E-FAE4-4F89-9180-6639314DBCD7" : [
      {
        "date" : 752780489.822731,
        "title" : "Untitled",
        "transform" : [
          1,
          0,
          0,
          0,
          0,
          0.7071069,
          -0.70710677,
          0,
          0,
          0.70710677,
          0.7071069,
          0,
          -0.080143765,
          2.3354106,
          1.2197864,
          1
        ]
      },
      {
        "date" : 752778244.955278,
        "title" : "Untitled",
        "transform" : [
          1,
          0,
          0,
          0,
          0,
          0.7071069,
          -0.70710677,
          0,
          0,
          0.70710677,
          0.7071069,
          0,
          -0.080143765,
          2.3866024,
          1.2709782,
          1
        ]
      }
    ],
    "2E31150D-17B5-4793-9DBF-18EB3BADA431" : [
      {
        "date" : 753399035.565251,
        "title" : "Untitled",
        "transform" : [
          0.99232936,
          -5.057676e-08,
          0.12362245,
          0,
          0.05060098,
          0.9123916,
          -0.4061787,
          0,
          -0.11279209,
          0.40931848,
          0.905393,
          0,
          -0.16777343,
          1.5055869,
          -0.25352752,
          1
        ]
      },
      {
        "date" : 753398930.183524,
        "title" : "Untitled",
        "transform" : [
          0.99462765,
          -5.0772172e-08,
          0.10351652,
          0,
          0.035958376,
          0.9377289,
          -0.34550196,
          0,
          -0.09707044,
          0.34736815,
          0.93269116,
          0,
          -0.1503466,
          1.4330962,
          -0.21310186,
          1
        ]
      },
      {
        "date" : 753398906.242848,
        "title" : "Untitled",
        "transform" : [
          0.9998864,
          -5.0858855e-08,
          0.015077214,
          0,
          0.0048529734,
          0.94678307,
          -0.32183594,
          0,
          -0.014274867,
          0.32187253,
          0.9466754,
          0,
          -0.045501977,
          1.4002156,
          -0.16255796,
          1
        ]
      },
      {
        "date" : 753398885.442846,
        "title" : "Untitled",
        "transform" : [
          0.44607738,
          -5.2897775e-08,
          -0.8949945,
          0,
          -0.18311347,
          0.9788462,
          -0.09126628,
          0,
          0.87606186,
          0.20459735,
          0.43664113,
          0,
          0.6969215,
          1.2432511,
          -1.1019107,
          1
        ]
      },
      {
        "date" : 753398883.176341,
        "title" : "Untitled",
        "transform" : [
          0.44607738,
          -5.2897775e-08,
          -0.8949945,
          0,
          -0.18311347,
          0.9788462,
          -0.09126628,
          0,
          0.87606186,
          0.20459735,
          0.43664113,
          0,
          0.80923176,
          1.328496,
          -0.99383414,
          1
        ]
      },
      {
        "date" : 753398879.826506,
        "title" : "Untitled",
        "transform" : [
          0.3355609,
          -6.0869134e-08,
          -0.94201857,
          0,
          -0.46413693,
          0.8701965,
          -0.16533247,
          0,
          0.81974125,
          0.4927047,
          0.2920039,
          0,
          0.68222374,
          1.5711877,
          -1.1495262,
          1
        ]
      },
      {
        "date" : 753398867.759822,
        "title" : "Untitled",
        "transform" : [
          0.8654529,
          -7.407674e-08,
          0.50099015,
          0,
          0.106404565,
          0.9771853,
          -0.18381213,
          0,
          -0.48956028,
          0.21238838,
          0.8457079,
          0,
          -0.28219625,
          1.2444942,
          -0.6870305,
          1
        ]
      },
      {
        "date" : 753395675.685072,
        "title" : "Untitled",
        "transform" : [
          0.8654529,
          -7.407674e-08,
          0.50099015,
          0,
          0.106404565,
          0.9771853,
          -0.18381213,
          0,
          -0.48956028,
          0.21238838,
          0.8457079,
          0,
          -0.8934977,
          1.8245687,
          0.65071774,
          1
        ]
      },
      {
        "date" : 753395671.8433,
        "title" : "Untitled",
        "transform" : [
          0.8654529,
          -7.407674e-08,
          0.50099015,
          0,
          0.106404565,
          0.9771853,
          -0.18381213,
          0,
          -0.48956028,
          0.21238838,
          0.8457079,
          0,
          -1.3940802,
          2.2860012,
          0.24505997,
          1
        ]
      },
      {
        "date" : 753395665.373128,
        "title" : "Untitled",
        "transform" : [
          0.8654529,
          -7.407674e-08,
          0.50099015,
          0,
          0.106404565,
          0.9771853,
          -0.18381213,
          0,
          -0.48956028,
          0.21238838,
          0.8457079,
          0,
          -1.1187115,
          1.7751611,
          0.5327568,
          1
        ]
      }
    ],
    "6CF94453-80D0-436A-9377-843D1877013B" : [
      {
        "date" : 752787852.011056,
        "title" : "Untitled",
        "transform" : [
          0.99919504,
          -1.8097897e-09,
          -0.040115155,
          0,
          0.00084656005,
          0.9997773,
          0.02108622,
          0,
          0.040106222,
          -0.021103123,
          0.99897254,
          0,
          0.020925378,
          -0.011664055,
          0.56448096,
          1
        ]
      },
      {
        "date" : 752521114.355618,
        "title" : "Untitled",
        "transform" : [
          0.99919504,
          -1.8097897e-09,
          -0.040115155,
          0,
          0.00084656005,
          0.9997773,
          0.02108622,
          0,
          0.040106222,
          -0.021103123,
          0.99897254,
          0,
          0.020277582,
          -0.011302968,
          0.5470061,
          1
        ]
      },
      {
        "date" : 752521101.071147,
        "title" : "Untitled",
        "transform" : [
          1,
          0,
          0,
          0,
          0,
          0.7071069,
          -0.70710677,
          0,
          0,
          0.70710677,
          0.7071069,
          0,
          -0.00082007726,
          1.1004418,
          1.1010325,
          1
        ]
      },
      {
        "date" : 752521098.972953,
        "title" : "Untitled",
        "transform" : [
          1,
          0,
          0,
          0,
          0,
          0.7071069,
          -0.70710677,
          0,
          0,
          0.70710677,
          0.7071069,
          0,
          -0.0014757353,
          0.51812154,
          0.5191843,
          1
        ]
      }
    ],
    "2388C4B3-5436-4637-87A4-E534FA0C2767" : [
      {
        "date" : 752778472.79175,
        "title" : "Untitled",
        "transform" : [
          1,
          0,
          0,
          0,
          0,
          0.7071069,
          -0.70710677,
          0,
          0,
          0.70710677,
          0.7071069,
          0,
          0.008367192,
          2.0483265,
          0.48164272,
          1
        ]
      },
      {
        "date" : 752778458.9565,
        "title" : "Untitled",
        "transform" : [
          1,
          0,
          0,
          0,
          0,
          0.7071069,
          -0.70710677,
          0,
          0,
          0.70710677,
          0.7071069,
          0,
          -0.004865222,
          2.0598776,
          1.147213,
          1
        ]
      },
      {
        "date" : 752778434.940101,
        "title" : "Untitled",
        "transform" : [
          1,
          0,
          0,
          0,
          0,
          0.7071069,
          -0.70710677,
          0,
          0,
          0.70710677,
          0.7071069,
          0,
          -0.0006656742,
          0.70302975,
          0.61687076,
          1
        ]
      }
    ],
    "A0D2B39C-5161-45A3-B5BA-E63C73CD98C4" : [
      {
        "date" : 752706103.481401,
        "title" : "Untitled",
        "transform" : [
          0.99643326,
          -1.1588095e-09,
          -0.08438471,
          0,
          -0.043606017,
          0.85613483,
          -0.51490945,
          0,
          0.07224469,
          0.51675254,
          0.85308117,
          0,
          -0.021129355,
          0.5350917,
          0.61711705,
          1
        ]
      },
      {
        "date" : 752706050.063242,
        "title" : "Untitled",
        "transform" : [
          0.99643326,
          -1.1588095e-09,
          -0.08438471,
          0,
          -0.043606017,
          0.85613483,
          -0.51490945,
          0,
          0.07224469,
          0.51675254,
          0.85308117,
          0,
          0.010655656,
          0.6588858,
          0.53943723,
          1
        ]
      }
    ],
    "AF09ED6F-1707-48FD-8720-65B998362C09" : [
      {
        "date" : 752774526.534881,
        "title" : "Untitled",
        "transform" : [
          1,
          0,
          0,
          0,
          0,
          0.7071069,
          -0.70710677,
          0,
          0,
          0.70710677,
          0.7071069,
          0,
          0.22074318,
          2.6492887,
          1.539961,
          1
        ]
      },
      {
        "date" : 752774523.573276,
        "title" : "Untitled",
        "transform" : [
          1,
          0,
          0,
          0,
          0,
          0.7071069,
          -0.70710677,
          0,
          0,
          0.70710677,
          0.7071069,
          0,
          0.77257717,
          3.5292366,
          2.8571792,
          1
        ]
      },
      {
        "date" : 752179245.078766,
        "title" : "Untitled",
        "transform" : [
          1,
          0,
          0,
          0,
          0,
          0.7071069,
          -0.70710677,
          0,
          0,
          0.70710677,
          0.7071069,
          0,
          0.22882155,
          2.6621702,
          0.9954133,
          1
        ]
      },
      {
        "date" : 752179239.859431,
        "title" : "Untitled",
        "transform" : [
          1,
          0,
          0,
          0,
          0,
          0.7071069,
          -0.70710677,
          0,
          0,
          0.70710677,
          0.7071069,
          0,
          0.0194467,
          1.9154346,
          1.7421465,
          1
        ]
      },
      {
        "date" : 752179236.354875,
        "title" : "Untitled",
        "transform" : [
          1,
          0,
          0,
          0,
          0,
          0.7071069,
          -0.70710677,
          0,
          0,
          0.70710677,
          0.7071069,
          0,
          0.3140265,
          1.8763752,
          1.7812059,
          1
        ]
      }
    ],
    "D5588EC1-EE1A-4737-9A34-90182F54C7FE" : [
      {
        "date" : 752959720.871433,
        "title" : "Untitled",
        "transform" : [
          0.9988696,
          -3.137189e-09,
          -0.04753382,
          0,
          -0.0076032295,
          0.9871244,
          -0.15977333,
          0,
          0.0469218,
          0.15995415,
          0.9860086,
          0,
          0.024752092,
          1.3192686,
          0.29169416,
          1
        ]
      },
      {
        "date" : 752959717.45083,
        "title" : "Untitled",
        "transform" : [
          0.9988696,
          -3.137189e-09,
          -0.04753382,
          0,
          -0.0076032295,
          0.9871244,
          -0.15977333,
          0,
          0.0469218,
          0.15995415,
          0.9860086,
          0,
          0.02138722,
          1.1566801,
          -0.6553612,
          1
        ]
      },
      {
        "date" : 752958333.683476,
        "title" : "Untitled",
        "transform" : [
          0.9988696,
          -3.2252543e-09,
          -0.047533825,
          0,
          -0.0076032374,
          0.9871245,
          -0.15977335,
          0,
          0.04692176,
          0.15995413,
          0.9860087,
          0,
          1.9535654,
          17.146189,
          51.06911,
          1
        ]
      },
      {
        "date" : 752956571.518116,
        "title" : "Untitled",
        "transform" : [
          0.9027387,
          -4.142536e-09,
          0.43018937,
          0,
          -0.07084748,
          0.9863456,
          0.14867118,
          0,
          -0.4243154,
          -0.16468906,
          0.8904123,
          0,
          -23.207884,
          -2.0442002,
          48.040318,
          1
        ]
      },
      {
        "date" : 752956552.616253,
        "title" : "Untitled",
        "transform" : [
          0.9027387,
          -4.142536e-09,
          0.43018937,
          0,
          -0.07084748,
          0.9863456,
          0.14867118,
          0,
          -0.4243154,
          -0.16468906,
          0.8904123,
          0,
          -0.15835074,
          1.0575144,
          -0.6900085,
          1
        ]
      },
      {
        "date" : 752956541.365386,
        "title" : "Untitled",
        "transform" : [
          0.9027386,
          -4.77049e-09,
          0.4301894,
          0,
          -0.0708475,
          0.98634547,
          0.14867118,
          0,
          -0.42431542,
          -0.16468906,
          0.89041215,
          0,
          -0.061534032,
          0.84361976,
          -0.67357326,
          1
        ]
      },
      {
        "date" : 752956537.565183,
        "title" : "Untitled",
        "transform" : [
          0.9027386,
          -4.77049e-09,
          0.4301894,
          0,
          -0.0708475,
          0.98634547,
          0.14867118,
          0,
          -0.42431542,
          -0.16468906,
          0.89041215,
          0,
          -0.08516762,
          0.78355825,
          -0.5482014,
          1
        ]
      },
      {
        "date" : 752956534.101249,
        "title" : "Untitled",
        "transform" : [
          0.9027386,
          -4.77049e-09,
          0.4301894,
          0,
          -0.0708475,
          0.98634547,
          0.14867118,
          0,
          -0.42431542,
          -0.16468906,
          0.89041215,
          0,
          -0.37997207,
          0.554888,
          0.32694912,
          1
        ]
      },
      {
        "date" : 752956509.22384,
        "title" : "Untitled",
        "transform" : [
          0.9027386,
          -4.77049e-09,
          0.4301894,
          0,
          -0.0708475,
          0.98634547,
          0.14867118,
          0,
          -0.42431542,
          -0.16468906,
          0.89041215,
          0,
          -0.65161467,
          0.23667681,
          1.2755872,
          1
        ]
      },
      {
        "date" : 752956505.610255,
        "title" : "Untitled",
        "transform" : [
          0.90273863,
          -6.293938e-09,
          0.4301895,
          0,
          -0.07084753,
          0.9863455,
          0.14867118,
          0,
          -0.42431545,
          -0.1646891,
          0.8904122,
          0,
          -23.903856,
          26.750711,
          93.343475,
          1
        ]
      }
    ]
  },
  "selectedSceneRelativePath" : "FantasyScene.usda"
}