{
  "advancedEditorSelectedIdentifier" : "BehaviorsPluginID",
  "openSceneRelativePaths" : [
    "logo_animation.usda",
    "FantasyScene.usda",
    "TestAnimation.usda",
    "Indicator.usda"
  ],
  "recentIdentifiers" : {
    "2E31150D-17B5-4793-9DBF-18EB3BADA431" : [

    ],
    "2388C4B3-5436-4637-87A4-E534FA0C2767" : [

    ],
    "A0D2B39C-5161-45A3-B5BA-E63C73CD98C4" : [

    ],
    "D5588EC1-EE1A-4737-9A34-90182F54C7FE" : [

    ]
  },
  "sceneCameraHistory" : {
    "0C45104E-FAE4-4F89-9180-6639314DBCD7" : [
      {
        "date" : 752780489.822731,
        "title" : "Untitled",
        "transform" : [
          1,
          0,
          0,
          0,
          0,
          0.7071069,
          -0.70710677,
          0,
          0,
          0.70710677,
          0.7071069,
          0,
          -0.080143765,
          2.3354106,
          1.2197864,
          1
        ]
      },
      {
        "date" : 752778244.955278,
        "title" : "Untitled",
        "transform" : [
          1,
          0,
          0,
          0,
          0,
          0.7071069,
          -0.70710677,
          0,
          0,
          0.70710677,
          0.7071069,
          0,
          -0.080143765,
          2.3866024,
          1.2709782,
          1
        ]
      }
    ],
    "2E31150D-17B5-4793-9DBF-18EB3BADA431" : [
      {
        "date" : 753738762.956923,
        "title" : "Untitled",
        "transform" : [
          0.99730694,
          -2.1510823e-08,
          -0.07333969,
          0,
          -0.029332925,
          0.9165325,
          -0.39888293,
          0,
          0.06721822,
          0.39995998,
          0.9140644,
          0,
          0.13015136,
          1.675534,
          -0.49678525,
          1
        ]
      },
      {
        "date" : 753738752.268174,
        "title" : "Untitled",
        "transform" : [
          0.99730694,
          -2.1510823e-08,
          -0.07333969,
          0,
          -0.029332925,
          0.9165325,
          -0.39888293,
          0,
          0.06721822,
          0.39995998,
          0.9140644,
          0,
          -0.124158084,
          2.3615038,
          1.8668275,
          1
        ]
      },
      {
        "date" : 753738120.515866,
        "title" : "Untitled",
        "transform" : [
          0.99730694,
          -2.1510823e-08,
          -0.07333969,
          0,
          -0.029332925,
          0.9165325,
          -0.39888293,
          0,
          0.06721822,
          0.39995998,
          0.9140644,
          0,
          0.0054733157,
          1.718873,
          -0.72445154,
          1
        ]
      },
      {
        "date" : 753738115.697807,
        "title" : "Untitled",
        "transform" : [
          0.9972315,
          -2.1510823e-08,
          -0.07435924,
          0,
          -0.029740704,
          0.9165325,
          -0.39885274,
          0,
          0.06815267,
          0.39995998,
          0.9139952,
          0,
          -0.30621475,
          1.5443327,
          -1.3840976,
          1
        ]
      },
      {
        "date" : 753644742.159152,
        "title" : "Untitled",
        "transform" : [
          0.9972315,
          -2.1510823e-08,
          -0.07435924,
          0,
          -0.029740704,
          0.9165325,
          -0.39885274,
          0,
          0.06815267,
          0.39995998,
          0.9139952,
          0,
          0.39242727,
          2.0018797,
          -0.33878553,
          1
        ]
      },
      {
        "date" : 753644736.524027,
        "title" : "Untitled",
        "transform" : [
          0.9962164,
          -2.1510823e-08,
          -0.086906664,
          0,
          -0.03475917,
          0.9165325,
          -0.39844674,
          0,
          0.07965279,
          0.39995998,
          0.91306484,
          0,
          0.32356036,
          1.32587,
          -1.7695994,
          1
        ]
      },
      {
        "date" : 753644670.557033,
        "title" : "Untitled",
        "transform" : [
          0.9962164,
          -2.1510823e-08,
          -0.086906664,
          0,
          -0.03475917,
          0.9165325,
          -0.39844674,
          0,
          0.07965279,
          0.39995998,
          0.91306484,
          0,
          0.3607588,
          1.59616,
          -1.1424565,
          1
        ]
      },
      {
        "date" : 753644663.127795,
        "title" : "Untitled",
        "transform" : [
          0.9962164,
          -2.1510823e-08,
          -0.086906664,
          0,
          -0.03475917,
          0.9165325,
          -0.39844674,
          0,
          0.07965279,
          0.39995998,
          0.91306484,
          0,
          0.30354172,
          1.290266,
          -1.7688285,
          1
        ]
      },
      {
        "date" : 753644660.373725,
        "title" : "Untitled",
        "transform" : [
          0.9962164,
          -2.1510823e-08,
          -0.086906664,
          0,
          -0.03475917,
          0.9165325,
          -0.39844674,
          0,
          0.07965279,
          0.39995998,
          0.91306484,
          0,
          0.30247778,
          1.3073299,
          -1.7762103,
          1
        ]
      },
      {
        "date" : 753644654.740585,
        "title" : "Untitled",
        "transform" : [
          0.9962164,
          -2.1510823e-08,
          -0.086906664,
          0,
          -0.03475917,
          0.9165325,
          -0.39844674,
          0,
          0.07965279,
          0.39995998,
          0.91306484,
          0,
          0.25930244,
          1.3253915,
          -1.6445956,
          1
        ]
      }
    ],
    "6CF94453-80D0-436A-9377-843D1877013B" : [
      {
        "date" : 752787852.011056,
        "title" : "Untitled",
        "transform" : [
          0.99919504,
          -1.8097897e-09,
          -0.040115155,
          0,
          0.00084656005,
          0.9997773,
          0.02108622,
          0,
          0.040106222,
          -0.021103123,
          0.99897254,
          0,
          0.020925378,
          -0.011664055,
          0.56448096,
          1
        ]
      },
      {
        "date" : 752521114.355618,
        "title" : "Untitled",
        "transform" : [
          0.99919504,
          -1.8097897e-09,
          -0.040115155,
          0,
          0.00084656005,
          0.9997773,
          0.02108622,
          0,
          0.040106222,
          -0.021103123,
          0.99897254,
          0,
          0.020277582,
          -0.011302968,
          0.5470061,
          1
        ]
      },
      {
        "date" : 752521101.071147,
        "title" : "Untitled",
        "transform" : [
          1,
          0,
          0,
          0,
          0,
          0.7071069,
          -0.70710677,
          0,
          0,
          0.70710677,
          0.7071069,
          0,
          -0.00082007726,
          1.1004418,
          1.1010325,
          1
        ]
      },
      {
        "date" : 752521098.972953,
        "title" : "Untitled",
        "transform" : [
          1,
          0,
          0,
          0,
          0,
          0.7071069,
          -0.70710677,
          0,
          0,
          0.70710677,
          0.7071069,
          0,
          -0.0014757353,
          0.51812154,
          0.5191843,
          1
        ]
      }
    ],
    "2388C4B3-5436-4637-87A4-E534FA0C2767" : [
      {
        "date" : 752778472.79175,
        "title" : "Untitled",
        "transform" : [
          1,
          0,
          0,
          0,
          0,
          0.7071069,
          -0.70710677,
          0,
          0,
          0.70710677,
          0.7071069,
          0,
          0.008367192,
          2.0483265,
          0.48164272,
          1
        ]
      },
      {
        "date" : 752778458.9565,
        "title" : "Untitled",
        "transform" : [
          1,
          0,
          0,
          0,
          0,
          0.7071069,
          -0.70710677,
          0,
          0,
          0.70710677,
          0.7071069,
          0,
          -0.004865222,
          2.0598776,
          1.147213,
          1
        ]
      },
      {
        "date" : 752778434.940101,
        "title" : "Untitled",
        "transform" : [
          1,
          0,
          0,
          0,
          0,
          0.7071069,
          -0.70710677,
          0,
          0,
          0.70710677,
          0.7071069,
          0,
          -0.0006656742,
          0.70302975,
          0.61687076,
          1
        ]
      }
    ],
    "A0D2B39C-5161-45A3-B5BA-E63C73CD98C4" : [
      {
        "date" : 752706103.481401,
        "title" : "Untitled",
        "transform" : [
          0.99643326,
          -1.1588095e-09,
          -0.08438471,
          0,
          -0.043606017,
          0.85613483,
          -0.51490945,
          0,
          0.07224469,
          0.51675254,
          0.85308117,
          0,
          -0.021129355,
          0.5350917,
          0.61711705,
          1
        ]
      },
      {
        "date" : 752706050.063242,
        "title" : "Untitled",
        "transform" : [
          0.99643326,
          -1.1588095e-09,
          -0.08438471,
          0,
          -0.043606017,
          0.85613483,
          -0.51490945,
          0,
          0.07224469,
          0.51675254,
          0.85308117,
          0,
          0.010655656,
          0.6588858,
          0.53943723,
          1
        ]
      }
    ],
    "AF09ED6F-1707-48FD-8720-65B998362C09" : [
      {
        "date" : 752774526.534881,
        "title" : "Untitled",
        "transform" : [
          1,
          0,
          0,
          0,
          0,
          0.7071069,
          -0.70710677,
          0,
          0,
          0.70710677,
          0.7071069,
          0,
          0.22074318,
          2.6492887,
          1.539961,
          1
        ]
      },
      {
        "date" : 752774523.573276,
        "title" : "Untitled",
        "transform" : [
          1,
          0,
          0,
          0,
          0,
          0.7071069,
          -0.70710677,
          0,
          0,
          0.70710677,
          0.7071069,
          0,
          0.77257717,
          3.5292366,
          2.8571792,
          1
        ]
      },
      {
        "date" : 752179245.078766,
        "title" : "Untitled",
        "transform" : [
          1,
          0,
          0,
          0,
          0,
          0.7071069,
          -0.70710677,
          0,
          0,
          0.70710677,
          0.7071069,
          0,
          0.22882155,
          2.6621702,
          0.9954133,
          1
        ]
      },
      {
        "date" : 752179239.859431,
        "title" : "Untitled",
        "transform" : [
          1,
          0,
          0,
          0,
          0,
          0.7071069,
          -0.70710677,
          0,
          0,
          0.70710677,
          0.7071069,
          0,
          0.0194467,
          1.9154346,
          1.7421465,
          1
        ]
      },
      {
        "date" : 752179236.354875,
        "title" : "Untitled",
        "transform" : [
          1,
          0,
          0,
          0,
          0,
          0.7071069,
          -0.70710677,
          0,
          0,
          0.70710677,
          0.7071069,
          0,
          0.3140265,
          1.8763752,
          1.7812059,
          1
        ]
      }
    ],
    "D5588EC1-EE1A-4737-9A34-90182F54C7FE" : [
      {
        "date" : 753738739.018504,
        "title" : "Untitled",
        "transform" : [
          0.9988696,
          -3.137189e-09,
          -0.04753382,
          0,
          -0.0076032295,
          0.9871244,
          -0.15977333,
          0,
          0.0469218,
          0.15995415,
          0.9860086,
          0,
          0.10913858,
          0.6458907,
          1.6250248,
          1
        ]
      },
      {
        "date" : 753541017.232144,
        "title" : "Untitled",
        "transform" : [
          0.9988696,
          -3.137189e-09,
          -0.04753382,
          0,
          -0.0076032295,
          0.9871244,
          -0.15977333,
          0,
          0.0469218,
          0.15995415,
          0.9860086,
          0,
          0.08157094,
          1.5129609,
          1.485678,
          1
        ]
      },
      {
        "date" : 752959720.871433,
        "title" : "Untitled",
        "transform" : [
          0.9988696,
          -3.137189e-09,
          -0.04753382,
          0,
          -0.0076032295,
          0.9871244,
          -0.15977333,
          0,
          0.0469218,
          0.15995415,
          0.9860086,
          0,
          0.024752092,
          1.3192686,
          0.29169416,
          1
        ]
      },
      {
        "date" : 752959717.45083,
        "title" : "Untitled",
        "transform" : [
          0.9988696,
          -3.137189e-09,
          -0.04753382,
          0,
          -0.0076032295,
          0.9871244,
          -0.15977333,
          0,
          0.0469218,
          0.15995415,
          0.9860086,
          0,
          0.02138722,
          1.1566801,
          -0.6553612,
          1
        ]
      },
      {
        "date" : 752958333.683476,
        "title" : "Untitled",
        "transform" : [
          0.9988696,
          -3.2252543e-09,
          -0.047533825,
          0,
          -0.0076032374,
          0.9871245,
          -0.15977335,
          0,
          0.04692176,
          0.15995413,
          0.9860087,
          0,
          1.9535654,
          17.146189,
          51.06911,
          1
        ]
      },
      {
        "date" : 752956571.518116,
        "title" : "Untitled",
        "transform" : [
          0.9027387,
          -4.142536e-09,
          0.43018937,
          0,
          -0.07084748,
          0.9863456,
          0.14867118,
          0,
          -0.4243154,
          -0.16468906,
          0.8904123,
          0,
          -23.207884,
          -2.0442002,
          48.040318,
          1
        ]
      },
      {
        "date" : 752956552.616253,
        "title" : "Untitled",
        "transform" : [
          0.9027387,
          -4.142536e-09,
          0.43018937,
          0,
          -0.07084748,
          0.9863456,
          0.14867118,
          0,
          -0.4243154,
          -0.16468906,
          0.8904123,
          0,
          -0.15835074,
          1.0575144,
          -0.6900085,
          1
        ]
      },
      {
        "date" : 752956541.365386,
        "title" : "Untitled",
        "transform" : [
          0.9027386,
          -4.77049e-09,
          0.4301894,
          0,
          -0.0708475,
          0.98634547,
          0.14867118,
          0,
          -0.42431542,
          -0.16468906,
          0.89041215,
          0,
          -0.061534032,
          0.84361976,
          -0.67357326,
          1
        ]
      },
      {
        "date" : 752956537.565183,
        "title" : "Untitled",
        "transform" : [
          0.9027386,
          -4.77049e-09,
          0.4301894,
          0,
          -0.0708475,
          0.98634547,
          0.14867118,
          0,
          -0.42431542,
          -0.16468906,
          0.89041215,
          0,
          -0.08516762,
          0.78355825,
          -0.5482014,
          1
        ]
      },
      {
        "date" : 752956534.101249,
        "title" : "Untitled",
        "transform" : [
          0.9027386,
          -4.77049e-09,
          0.4301894,
          0,
          -0.0708475,
          0.98634547,
          0.14867118,
          0,
          -0.42431542,
          -0.16468906,
          0.89041215,
          0,
          -0.37997207,
          0.554888,
          0.32694912,
          1
        ]
      }
    ]
  },
  "selectedSceneRelativePath" : "FantasyScene.usda"
}