{
  "advancedEditorSelectedIdentifier" : "ProjectBrowser",
  "openSceneRelativePaths" : [
    "Immersive.usda",
    "FantasyScene.usda"
  ],
  "recentIdentifiers" : {

  },
  "sceneCameraHistory" : {
    "2E31150D-17B5-4793-9DBF-18EB3BADA431" : [
      {
        "date" : 752188502.054582,
        "title" : "Untitled",
        "transform" : [
          0.99251074,
          -3.760163e-09,
          -0.122158036,
          0,
          -0.073979385,
          0.795766,
          -0.6010686,
          0,
          0.09720923,
          0.6056042,
          0.7898063,
          0,
          0.19595477,
          2.114758,
          -0.1429435,
          1
        ]
      },
      {
        "date" : 752188258.534734,
        "title" : "Untitled",
        "transform" : [
          0.99251074,
          -3.760163e-09,
          -0.122158036,
          0,
          -0.07397939,
          0.7957661,
          -0.6010687,
          0,
          0.09720923,
          0.6056042,
          0.7898063,
          0,
          0.10819793,
          1.8255548,
          0.08961153,
          1
        ]
      },
      {
        "date" : 752188225.982892,
        "title" : "Untitled",
        "transform" : [
          0.9888223,
          6.736851e-10,
          -0.1490994,
          0,
          -0.1483814,
          0.09801882,
          -0.9840607,
          0,
          0.01461456,
          0.9951846,
          0.09692326,
          0,
          -0.0048240423,
          3.3199284,
          -1.4965563,
          1
        ]
      },
      {
        "date" : 752188222.489063,
        "title" : "Untitled",
        "transform" : [
          0.9882577,
          -1.83186e-09,
          -0.15279584,
          0,
          -0.06831406,
          0.89448714,
          -0.441844,
          0,
          0.13667391,
          0.44709376,
          0.8839838,
          0,
          0.2375426,
          1.7696028,
          0.05590439,
          1
        ]
      },
      {
        "date" : 752188214.671145,
        "title" : "Untitled",
        "transform" : [
          0.99511594,
          2.8601193e-09,
          0.09871256,
          0,
          0.097505555,
          0.15590256,
          -0.9829482,
          0,
          -0.015389536,
          0.9877724,
          0.15514117,
          0,
          -0.1760349,
          3.2873905,
          -1.5025877,
          1
        ]
      },
      {
        "date" : 752188212.390744,
        "title" : "Untitled",
        "transform" : [
          0.9974247,
          9.433665e-10,
          -0.07172117,
          0,
          -0.037791893,
          0.8499099,
          -0.52557105,
          0,
          0.060956527,
          0.526928,
          0.8477211,
          0,
          0.002174139,
          2.2140112,
          0.08196926,
          1
        ]
      },
      {
        "date" : 752184448.478156,
        "title" : "Untitled",
        "transform" : [
          0.9974247,
          9.433665e-10,
          -0.07172117,
          0,
          -0.037791893,
          0.8499099,
          -0.52557105,
          0,
          0.060956527,
          0.526928,
          0.8477211,
          0,
          0.37787163,
          1.9086946,
          0.24473381,
          1
        ]
      },
      {
        "date" : 752179782.883091,
        "title" : "Untitled",
        "transform" : [
          0.9974247,
          9.433665e-10,
          -0.07172117,
          0,
          -0.037791893,
          0.8499099,
          -0.52557105,
          0,
          0.060956527,
          0.526928,
          0.8477211,
          0,
          -0.08998078,
          1.6400297,
          0.4453727,
          1
        ]
      },
      {
        "date" : 752179775.951827,
        "title" : "Untitled",
        "transform" : [
          0.9974247,
          9.433665e-10,
          -0.07172117,
          0,
          -0.037791893,
          0.8499099,
          -0.52557105,
          0,
          0.060956527,
          0.526928,
          0.8477211,
          0,
          0.060395673,
          1.3478062,
          -0.03010261,
          1
        ]
      },
      {
        "date" : 752179742.154159,
        "title" : "Untitled",
        "transform" : [
          0.9974248,
          -5.938583e-10,
          -0.07172117,
          0,
          -0.037791893,
          0.84990984,
          -0.52557105,
          0,
          0.060956534,
          0.52692807,
          0.8477211,
          0,
          0.15228689,
          1.6101284,
          0.8485441,
          1
        ]
      }
    ],
    "AF09ED6F-1707-48FD-8720-65B998362C09" : [
      {
        "date" : 752179245.078766,
        "title" : "Untitled",
        "transform" : [
          1,
          0,
          0,
          0,
          0,
          0.7071069,
          -0.70710677,
          0,
          0,
          0.70710677,
          0.7071069,
          0,
          0.22882155,
          2.6621702,
          0.9954133,
          1
        ]
      },
      {
        "date" : 752179239.859431,
        "title" : "Untitled",
        "transform" : [
          1,
          0,
          0,
          0,
          0,
          0.7071069,
          -0.70710677,
          0,
          0,
          0.70710677,
          0.7071069,
          0,
          0.0194467,
          1.9154346,
          1.7421465,
          1
        ]
      },
      {
        "date" : 752179236.354875,
        "title" : "Untitled",
        "transform" : [
          1,
          0,
          0,
          0,
          0,
          0.7071069,
          -0.70710677,
          0,
          0,
          0.70710677,
          0.7071069,
          0,
          0.3140265,
          1.8763752,
          1.7812059,
          1
        ]
      }
    ]
  },
  "sceneViewportBackgroundColors" : {

  },
  "selectedSceneRelativePath" : "FantasyScene.usda"
}