{
  "advancedEditorSelectedIdentifier" : "ProjectBrowser",
  "openSceneRelativePaths" : [
    "Immersive.usda",
    "logo_animation.usda",
    "FantasyScene.usda",
    "TestAnimation.usda"
  ],
  "recentIdentifiers" : {
    "2E31150D-17B5-4793-9DBF-18EB3BADA431" : [

    ],
    "2388C4B3-5436-4637-87A4-E534FA0C2767" : [

    ],
    "A0D2B39C-5161-45A3-B5BA-E63C73CD98C4" : [

    ],
    "D5588EC1-EE1A-4737-9A34-90182F54C7FE" : [

    ]
  },
  "sceneCameraHistory" : {
    "0C45104E-FAE4-4F89-9180-6639314DBCD7" : [
      {
        "date" : 752780489.822731,
        "title" : "Untitled",
        "transform" : [
          1,
          0,
          0,
          0,
          0,
          0.7071069,
          -0.70710677,
          0,
          0,
          0.70710677,
          0.7071069,
          0,
          -0.080143765,
          2.3354106,
          1.2197864,
          1
        ]
      },
      {
        "date" : 752778244.955278,
        "title" : "Untitled",
        "transform" : [
          1,
          0,
          0,
          0,
          0,
          0.7071069,
          -0.70710677,
          0,
          0,
          0.70710677,
          0.7071069,
          0,
          -0.080143765,
          2.3866024,
          1.2709782,
          1
        ]
      }
    ],
    "2E31150D-17B5-4793-9DBF-18EB3BADA431" : [
      {
        "date" : 752862732.469657,
        "title" : "Untitled",
        "transform" : [
          0.966441,
          -1.2049178e-07,
          0.2568889,
          0,
          0.15937132,
          0.7842938,
          -0.59957004,
          0,
          -0.20147626,
          0.6203897,
          0.75797355,
          0,
          0.38996744,
          1.4952035,
          -1.4354304,
          1
        ]
      },
      {
        "date" : 752862646.152134,
        "title" : "Untitled",
        "transform" : [
          0.966441,
          -1.2049178e-07,
          0.2568889,
          0,
          0.15937132,
          0.7842938,
          -0.59957004,
          0,
          -0.20147626,
          0.6203897,
          0.75797355,
          0,
          -0.048470676,
          1.7154142,
          -0.24869823,
          1
        ]
      },
      {
        "date" : 752862635.81865,
        "title" : "Untitled",
        "transform" : [
          0.966441,
          -1.2049178e-07,
          0.2568889,
          0,
          0.15937132,
          0.7842938,
          -0.59957004,
          0,
          -0.20147626,
          0.6203897,
          0.75797355,
          0,
          -0.5603276,
          1.6280689,
          -0.9366642,
          1
        ]
      },
      {
        "date" : 752862632.5688,
        "title" : "Untitled",
        "transform" : [
          0.966441,
          -1.2049178e-07,
          0.2568889,
          0,
          0.15937132,
          0.7842938,
          -0.59957004,
          0,
          -0.20147626,
          0.6203897,
          0.75797355,
          0,
          -0.5143775,
          1.7551917,
          -0.63266015,
          1
        ]
      },
      {
        "date" : 752862625.35188,
        "title" : "Untitled",
        "transform" : [
          0.966441,
          -1.2049178e-07,
          0.2568889,
          0,
          0.15937132,
          0.7842938,
          -0.59957004,
          0,
          -0.20147626,
          0.6203897,
          0.75797355,
          0,
          0.14272338,
          1.812887,
          -0.5161642,
          1
        ]
      },
      {
        "date" : 752862622.903117,
        "title" : "Untitled",
        "transform" : [
          0.966441,
          -1.2049178e-07,
          0.2568889,
          0,
          0.15937132,
          0.7842938,
          -0.59957004,
          0,
          -0.20147626,
          0.6203897,
          0.75797355,
          0,
          0.3871171,
          1.8447541,
          -0.47728467,
          1
        ]
      },
      {
        "date" : 752862616.519693,
        "title" : "Untitled",
        "transform" : [
          0.966441,
          -1.2049178e-07,
          0.2568889,
          0,
          0.15937132,
          0.7842938,
          -0.59957004,
          0,
          -0.20147626,
          0.6203897,
          0.75797355,
          0,
          -0.015575404,
          1.4349809,
          -0.9481749,
          1
        ]
      },
      {
        "date" : 752862613.118478,
        "title" : "Untitled",
        "transform" : [
          0.966441,
          -1.2049178e-07,
          0.2568889,
          0,
          0.15937132,
          0.7842938,
          -0.59957004,
          0,
          -0.20147626,
          0.6203897,
          0.75797355,
          0,
          -0.03867042,
          1.7031149,
          -0.3874427,
          1
        ]
      },
      {
        "date" : 752862605.318474,
        "title" : "Untitled",
        "transform" : [
          0.966441,
          -1.2049178e-07,
          0.2568889,
          0,
          0.15937132,
          0.7842938,
          -0.59957004,
          0,
          -0.20147626,
          0.6203897,
          0.75797355,
          0,
          0.54534495,
          1.4069827,
          -1.7764952,
          1
        ]
      },
      {
        "date" : 752862601.335257,
        "title" : "Untitled",
        "transform" : [
          0.966441,
          -1.2049178e-07,
          0.2568889,
          0,
          0.15937132,
          0.7842938,
          -0.59957004,
          0,
          -0.20147626,
          0.6203897,
          0.75797355,
          0,
          0.57642883,
          1.4161829,
          -1.775763,
          1
        ]
      }
    ],
    "6CF94453-80D0-436A-9377-843D1877013B" : [
      {
        "date" : 752787852.011056,
        "title" : "Untitled",
        "transform" : [
          0.99919504,
          -1.8097897e-09,
          -0.040115155,
          0,
          0.00084656005,
          0.9997773,
          0.02108622,
          0,
          0.040106222,
          -0.021103123,
          0.99897254,
          0,
          0.020925378,
          -0.011664055,
          0.56448096,
          1
        ]
      },
      {
        "date" : 752521114.355618,
        "title" : "Untitled",
        "transform" : [
          0.99919504,
          -1.8097897e-09,
          -0.040115155,
          0,
          0.00084656005,
          0.9997773,
          0.02108622,
          0,
          0.040106222,
          -0.021103123,
          0.99897254,
          0,
          0.020277582,
          -0.011302968,
          0.5470061,
          1
        ]
      },
      {
        "date" : 752521101.071147,
        "title" : "Untitled",
        "transform" : [
          1,
          0,
          0,
          0,
          0,
          0.7071069,
          -0.70710677,
          0,
          0,
          0.70710677,
          0.7071069,
          0,
          -0.00082007726,
          1.1004418,
          1.1010325,
          1
        ]
      },
      {
        "date" : 752521098.972953,
        "title" : "Untitled",
        "transform" : [
          1,
          0,
          0,
          0,
          0,
          0.7071069,
          -0.70710677,
          0,
          0,
          0.70710677,
          0.7071069,
          0,
          -0.0014757353,
          0.51812154,
          0.5191843,
          1
        ]
      }
    ],
    "2388C4B3-5436-4637-87A4-E534FA0C2767" : [
      {
        "date" : 752778472.79175,
        "title" : "Untitled",
        "transform" : [
          1,
          0,
          0,
          0,
          0,
          0.7071069,
          -0.70710677,
          0,
          0,
          0.70710677,
          0.7071069,
          0,
          0.008367192,
          2.0483265,
          0.48164272,
          1
        ]
      },
      {
        "date" : 752778458.9565,
        "title" : "Untitled",
        "transform" : [
          1,
          0,
          0,
          0,
          0,
          0.7071069,
          -0.70710677,
          0,
          0,
          0.70710677,
          0.7071069,
          0,
          -0.004865222,
          2.0598776,
          1.147213,
          1
        ]
      },
      {
        "date" : 752778434.940101,
        "title" : "Untitled",
        "transform" : [
          1,
          0,
          0,
          0,
          0,
          0.7071069,
          -0.70710677,
          0,
          0,
          0.70710677,
          0.7071069,
          0,
          -0.0006656742,
          0.70302975,
          0.61687076,
          1
        ]
      }
    ],
    "A0D2B39C-5161-45A3-B5BA-E63C73CD98C4" : [
      {
        "date" : 752706103.481401,
        "title" : "Untitled",
        "transform" : [
          0.99643326,
          -1.1588095e-09,
          -0.08438471,
          0,
          -0.043606017,
          0.85613483,
          -0.51490945,
          0,
          0.07224469,
          0.51675254,
          0.85308117,
          0,
          -0.021129355,
          0.5350917,
          0.61711705,
          1
        ]
      },
      {
        "date" : 752706050.063242,
        "title" : "Untitled",
        "transform" : [
          0.99643326,
          -1.1588095e-09,
          -0.08438471,
          0,
          -0.043606017,
          0.85613483,
          -0.51490945,
          0,
          0.07224469,
          0.51675254,
          0.85308117,
          0,
          0.010655656,
          0.6588858,
          0.53943723,
          1
        ]
      }
    ],
    "AF09ED6F-1707-48FD-8720-65B998362C09" : [
      {
        "date" : 752774526.534881,
        "title" : "Untitled",
        "transform" : [
          1,
          0,
          0,
          0,
          0,
          0.7071069,
          -0.70710677,
          0,
          0,
          0.70710677,
          0.7071069,
          0,
          0.22074318,
          2.6492887,
          1.539961,
          1
        ]
      },
      {
        "date" : 752774523.573276,
        "title" : "Untitled",
        "transform" : [
          1,
          0,
          0,
          0,
          0,
          0.7071069,
          -0.70710677,
          0,
          0,
          0.70710677,
          0.7071069,
          0,
          0.77257717,
          3.5292366,
          2.8571792,
          1
        ]
      },
      {
        "date" : 752179245.078766,
        "title" : "Untitled",
        "transform" : [
          1,
          0,
          0,
          0,
          0,
          0.7071069,
          -0.70710677,
          0,
          0,
          0.70710677,
          0.7071069,
          0,
          0.22882155,
          2.6621702,
          0.9954133,
          1
        ]
      },
      {
        "date" : 752179239.859431,
        "title" : "Untitled",
        "transform" : [
          1,
          0,
          0,
          0,
          0,
          0.7071069,
          -0.70710677,
          0,
          0,
          0.70710677,
          0.7071069,
          0,
          0.0194467,
          1.9154346,
          1.7421465,
          1
        ]
      },
      {
        "date" : 752179236.354875,
        "title" : "Untitled",
        "transform" : [
          1,
          0,
          0,
          0,
          0,
          0.7071069,
          -0.70710677,
          0,
          0,
          0.70710677,
          0.7071069,
          0,
          0.3140265,
          1.8763752,
          1.7812059,
          1
        ]
      }
    ],
    "D5588EC1-EE1A-4737-9A34-90182F54C7FE" : [
      {
        "date" : 752862334.059639,
        "title" : "Untitled",
        "transform" : [
          0.90273863,
          -6.293938e-09,
          0.4301895,
          0,
          -0.07084753,
          0.9863455,
          0.14867118,
          0,
          -0.42431545,
          -0.1646891,
          0.8904122,
          0,
          -0.12118471,
          -0.031989507,
          0.26047644,
          1
        ]
      },
      {
        "date" : 752862330.678862,
        "title" : "Untitled",
        "transform" : [
          1,
          0,
          -0,
          0,
          -0,
          0.7071069,
          -0.7071067,
          0,
          0,
          0.7071067,
          0.7071069,
          0,
          0.0026561134,
          0.21522811,
          0.1929426,
          1
        ]
      },
      {
        "date" : 752862324.309788,
        "title" : "Untitled",
        "transform" : [
          1,
          0,
          0,
          0,
          0,
          0.7071069,
          -0.7071067,
          0,
          0,
          0.7071067,
          0.7071069,
          0,
          6.2402265e-05,
          0.005063137,
          0.0045396592,
          1
        ]
      },
      {
        "date" : 752862322.748725,
        "title" : "Untitled",
        "transform" : [
          1,
          0,
          -0,
          0,
          -0,
          0.7071069,
          -0.7071067,
          0,
          0,
          0.7071067,
          0.7071069,
          0,
          2.6524067e-05,
          0.0021520853,
          0.0019295812,
          1
        ]
      },
      {
        "date" : 752854023.835939,
        "title" : "Untitled",
        "transform" : [
          1,
          0,
          0,
          0,
          0,
          0.7071069,
          -0.70710677,
          0,
          0,
          0.70710677,
          0.7071069,
          0,
          -0.06503764,
          1.5652816,
          -0.5495535,
          1
        ]
      },
      {
        "date" : 752854011.871716,
        "title" : "Untitled",
        "transform" : [
          1,
          0,
          0,
          0,
          0,
          0.7071069,
          -0.70710677,
          0,
          0,
          0.70710677,
          0.7071069,
          0,
          0,
          0.8491294,
          0.8491295,
          1
        ]
      }
    ]
  },
  "selectedSceneRelativePath" : "FantasyScene.usda"
}