{
  "advancedEditorSelectedIdentifier" : "BehaviorsPluginID",
  "openSceneRelativePaths" : [
    "Immersive.usda",
    "logo_animation.usda",
    "FantasyScene.usda",
    "TestAnimation.usda"
  ],
  "recentIdentifiers" : {
    "2E31150D-17B5-4793-9DBF-18EB3BADA431" : [

    ],
    "2388C4B3-5436-4637-87A4-E534FA0C2767" : [

    ],
    "A0D2B39C-5161-45A3-B5BA-E63C73CD98C4" : [

    ],
    "D5588EC1-EE1A-4737-9A34-90182F54C7FE" : [

    ]
  },
  "sceneCameraHistory" : {
    "0C45104E-FAE4-4F89-9180-6639314DBCD7" : [
      {
        "date" : 752780489.822731,
        "title" : "Untitled",
        "transform" : [
          1,
          0,
          0,
          0,
          0,
          0.7071069,
          -0.70710677,
          0,
          0,
          0.70710677,
          0.7071069,
          0,
          -0.080143765,
          2.3354106,
          1.2197864,
          1
        ]
      },
      {
        "date" : 752778244.955278,
        "title" : "Untitled",
        "transform" : [
          1,
          0,
          0,
          0,
          0,
          0.7071069,
          -0.70710677,
          0,
          0,
          0.70710677,
          0.7071069,
          0,
          -0.080143765,
          2.3866024,
          1.2709782,
          1
        ]
      }
    ],
    "2E31150D-17B5-4793-9DBF-18EB3BADA431" : [
      {
        "date" : 752963231.789115,
        "title" : "Untitled",
        "transform" : [
          0.9980651,
          -1.0502209e-07,
          -0.062176723,
          0,
          -0.0261402,
          0.90733004,
          -0.4196058,
          0,
          0.05641478,
          0.42041916,
          0.9055745,
          0,
          -0.0104846805,
          1.2886941,
          -1.055491,
          1
        ]
      },
      {
        "date" : 752962744.427316,
        "title" : "Untitled",
        "transform" : [
          0.9980651,
          -1.0502209e-07,
          -0.062176723,
          0,
          -0.0261402,
          0.90733004,
          -0.4196058,
          0,
          0.05641478,
          0.42041916,
          0.9055745,
          0,
          0.02972515,
          1.1563411,
          -0.9965503,
          1
        ]
      },
      {
        "date" : 752962664.797547,
        "title" : "Untitled",
        "transform" : [
          0.9980651,
          -1.0502209e-07,
          -0.062176723,
          0,
          -0.0261402,
          0.90733004,
          -0.4196058,
          0,
          0.05641478,
          0.42041916,
          0.9055745,
          0,
          0.047476977,
          1.2191044,
          -0.82756925,
          1
        ]
      },
      {
        "date" : 752961247.903035,
        "title" : "Untitled",
        "transform" : [
          0.99736834,
          -1.0506157e-07,
          -0.07250157,
          0,
          -0.035341002,
          0.8731493,
          -0.4861699,
          0,
          0.063304685,
          0.48745275,
          0.8708515,
          0,
          0.061132804,
          1.329772,
          -0.8884537,
          1
        ]
      },
      {
        "date" : 752961004.275771,
        "title" : "Untitled",
        "transform" : [
          0.99736834,
          -1.0506157e-07,
          -0.07250157,
          0,
          -0.035341002,
          0.8731493,
          -0.4861699,
          0,
          0.063304685,
          0.48745275,
          0.8708515,
          0,
          0.029067442,
          1.353085,
          -0.49242923,
          1
        ]
      },
      {
        "date" : 752960992.606926,
        "title" : "Untitled",
        "transform" : [
          0.99736834,
          -1.0506157e-07,
          -0.07250157,
          0,
          -0.035341002,
          0.8731493,
          -0.4861699,
          0,
          0.063304685,
          0.48745275,
          0.8708515,
          0,
          0.073951215,
          1.2382761,
          -0.43142858,
          1
        ]
      },
      {
        "date" : 752960988.829516,
        "title" : "Untitled",
        "transform" : [
          0.9973682,
          -1.0506155e-07,
          -0.07250156,
          0,
          -0.035341002,
          0.8731493,
          -0.4861699,
          0,
          0.063304685,
          0.48745275,
          0.8708515,
          0,
          0.08291047,
          1.1273812,
          -0.3700072,
          1
        ]
      },
      {
        "date" : 752960980.111865,
        "title" : "Untitled",
        "transform" : [
          0.99087226,
          -1.0531406e-07,
          -0.13480382,
          0,
          -0.05413195,
          0.915832,
          -0.3978963,
          0,
          0.12345764,
          0.40156165,
          0.90747255,
          0,
          0.10585999,
          1.0954688,
          -0.35064662,
          1
        ]
      },
      {
        "date" : 752960974.279192,
        "title" : "Untitled",
        "transform" : [
          0.56091034,
          -1.0593183e-07,
          0.8278765,
          0,
          0.3617752,
          0.89946556,
          -0.24511306,
          0,
          -0.74464643,
          0.43699166,
          0.5045195,
          0,
          -0.24736416,
          1.094545,
          -0.6289148,
          1
        ]
      },
      {
        "date" : 752960970.257884,
        "title" : "Untitled",
        "transform" : [
          0.9639982,
          -1.14987394e-07,
          -0.26590878,
          0,
          0.0041276217,
          0.99987954,
          0.014963421,
          0,
          0.2658767,
          -0.015522282,
          0.9638821,
          0,
          0.07636747,
          0.9224459,
          -0.28980368,
          1
        ]
      }
    ],
    "6CF94453-80D0-436A-9377-843D1877013B" : [
      {
        "date" : 752787852.011056,
        "title" : "Untitled",
        "transform" : [
          0.99919504,
          -1.8097897e-09,
          -0.040115155,
          0,
          0.00084656005,
          0.9997773,
          0.02108622,
          0,
          0.040106222,
          -0.021103123,
          0.99897254,
          0,
          0.020925378,
          -0.011664055,
          0.56448096,
          1
        ]
      },
      {
        "date" : 752521114.355618,
        "title" : "Untitled",
        "transform" : [
          0.99919504,
          -1.8097897e-09,
          -0.040115155,
          0,
          0.00084656005,
          0.9997773,
          0.02108622,
          0,
          0.040106222,
          -0.021103123,
          0.99897254,
          0,
          0.020277582,
          -0.011302968,
          0.5470061,
          1
        ]
      },
      {
        "date" : 752521101.071147,
        "title" : "Untitled",
        "transform" : [
          1,
          0,
          0,
          0,
          0,
          0.7071069,
          -0.70710677,
          0,
          0,
          0.70710677,
          0.7071069,
          0,
          -0.00082007726,
          1.1004418,
          1.1010325,
          1
        ]
      },
      {
        "date" : 752521098.972953,
        "title" : "Untitled",
        "transform" : [
          1,
          0,
          0,
          0,
          0,
          0.7071069,
          -0.70710677,
          0,
          0,
          0.70710677,
          0.7071069,
          0,
          -0.0014757353,
          0.51812154,
          0.5191843,
          1
        ]
      }
    ],
    "2388C4B3-5436-4637-87A4-E534FA0C2767" : [
      {
        "date" : 752778472.79175,
        "title" : "Untitled",
        "transform" : [
          1,
          0,
          0,
          0,
          0,
          0.7071069,
          -0.70710677,
          0,
          0,
          0.70710677,
          0.7071069,
          0,
          0.008367192,
          2.0483265,
          0.48164272,
          1
        ]
      },
      {
        "date" : 752778458.9565,
        "title" : "Untitled",
        "transform" : [
          1,
          0,
          0,
          0,
          0,
          0.7071069,
          -0.70710677,
          0,
          0,
          0.70710677,
          0.7071069,
          0,
          -0.004865222,
          2.0598776,
          1.147213,
          1
        ]
      },
      {
        "date" : 752778434.940101,
        "title" : "Untitled",
        "transform" : [
          1,
          0,
          0,
          0,
          0,
          0.7071069,
          -0.70710677,
          0,
          0,
          0.70710677,
          0.7071069,
          0,
          -0.0006656742,
          0.70302975,
          0.61687076,
          1
        ]
      }
    ],
    "A0D2B39C-5161-45A3-B5BA-E63C73CD98C4" : [
      {
        "date" : 752706103.481401,
        "title" : "Untitled",
        "transform" : [
          0.99643326,
          -1.1588095e-09,
          -0.08438471,
          0,
          -0.043606017,
          0.85613483,
          -0.51490945,
          0,
          0.07224469,
          0.51675254,
          0.85308117,
          0,
          -0.021129355,
          0.5350917,
          0.61711705,
          1
        ]
      },
      {
        "date" : 752706050.063242,
        "title" : "Untitled",
        "transform" : [
          0.99643326,
          -1.1588095e-09,
          -0.08438471,
          0,
          -0.043606017,
          0.85613483,
          -0.51490945,
          0,
          0.07224469,
          0.51675254,
          0.85308117,
          0,
          0.010655656,
          0.6588858,
          0.53943723,
          1
        ]
      }
    ],
    "AF09ED6F-1707-48FD-8720-65B998362C09" : [
      {
        "date" : 752774526.534881,
        "title" : "Untitled",
        "transform" : [
          1,
          0,
          0,
          0,
          0,
          0.7071069,
          -0.70710677,
          0,
          0,
          0.70710677,
          0.7071069,
          0,
          0.22074318,
          2.6492887,
          1.539961,
          1
        ]
      },
      {
        "date" : 752774523.573276,
        "title" : "Untitled",
        "transform" : [
          1,
          0,
          0,
          0,
          0,
          0.7071069,
          -0.70710677,
          0,
          0,
          0.70710677,
          0.7071069,
          0,
          0.77257717,
          3.5292366,
          2.8571792,
          1
        ]
      },
      {
        "date" : 752179245.078766,
        "title" : "Untitled",
        "transform" : [
          1,
          0,
          0,
          0,
          0,
          0.7071069,
          -0.70710677,
          0,
          0,
          0.70710677,
          0.7071069,
          0,
          0.22882155,
          2.6621702,
          0.9954133,
          1
        ]
      },
      {
        "date" : 752179239.859431,
        "title" : "Untitled",
        "transform" : [
          1,
          0,
          0,
          0,
          0,
          0.7071069,
          -0.70710677,
          0,
          0,
          0.70710677,
          0.7071069,
          0,
          0.0194467,
          1.9154346,
          1.7421465,
          1
        ]
      },
      {
        "date" : 752179236.354875,
        "title" : "Untitled",
        "transform" : [
          1,
          0,
          0,
          0,
          0,
          0.7071069,
          -0.70710677,
          0,
          0,
          0.70710677,
          0.7071069,
          0,
          0.3140265,
          1.8763752,
          1.7812059,
          1
        ]
      }
    ],
    "D5588EC1-EE1A-4737-9A34-90182F54C7FE" : [
      {
        "date" : 752959720.871433,
        "title" : "Untitled",
        "transform" : [
          0.9988696,
          -3.137189e-09,
          -0.04753382,
          0,
          -0.0076032295,
          0.9871244,
          -0.15977333,
          0,
          0.0469218,
          0.15995415,
          0.9860086,
          0,
          0.024752092,
          1.3192686,
          0.29169416,
          1
        ]
      },
      {
        "date" : 752959717.45083,
        "title" : "Untitled",
        "transform" : [
          0.9988696,
          -3.137189e-09,
          -0.04753382,
          0,
          -0.0076032295,
          0.9871244,
          -0.15977333,
          0,
          0.0469218,
          0.15995415,
          0.9860086,
          0,
          0.02138722,
          1.1566801,
          -0.6553612,
          1
        ]
      },
      {
        "date" : 752958333.683476,
        "title" : "Untitled",
        "transform" : [
          0.9988696,
          -3.2252543e-09,
          -0.047533825,
          0,
          -0.0076032374,
          0.9871245,
          -0.15977335,
          0,
          0.04692176,
          0.15995413,
          0.9860087,
          0,
          1.9535654,
          17.146189,
          51.06911,
          1
        ]
      },
      {
        "date" : 752956571.518116,
        "title" : "Untitled",
        "transform" : [
          0.9027387,
          -4.142536e-09,
          0.43018937,
          0,
          -0.07084748,
          0.9863456,
          0.14867118,
          0,
          -0.4243154,
          -0.16468906,
          0.8904123,
          0,
          -23.207884,
          -2.0442002,
          48.040318,
          1
        ]
      },
      {
        "date" : 752956552.616253,
        "title" : "Untitled",
        "transform" : [
          0.9027387,
          -4.142536e-09,
          0.43018937,
          0,
          -0.07084748,
          0.9863456,
          0.14867118,
          0,
          -0.4243154,
          -0.16468906,
          0.8904123,
          0,
          -0.15835074,
          1.0575144,
          -0.6900085,
          1
        ]
      },
      {
        "date" : 752956541.365386,
        "title" : "Untitled",
        "transform" : [
          0.9027386,
          -4.77049e-09,
          0.4301894,
          0,
          -0.0708475,
          0.98634547,
          0.14867118,
          0,
          -0.42431542,
          -0.16468906,
          0.89041215,
          0,
          -0.061534032,
          0.84361976,
          -0.67357326,
          1
        ]
      },
      {
        "date" : 752956537.565183,
        "title" : "Untitled",
        "transform" : [
          0.9027386,
          -4.77049e-09,
          0.4301894,
          0,
          -0.0708475,
          0.98634547,
          0.14867118,
          0,
          -0.42431542,
          -0.16468906,
          0.89041215,
          0,
          -0.08516762,
          0.78355825,
          -0.5482014,
          1
        ]
      },
      {
        "date" : 752956534.101249,
        "title" : "Untitled",
        "transform" : [
          0.9027386,
          -4.77049e-09,
          0.4301894,
          0,
          -0.0708475,
          0.98634547,
          0.14867118,
          0,
          -0.42431542,
          -0.16468906,
          0.89041215,
          0,
          -0.37997207,
          0.554888,
          0.32694912,
          1
        ]
      },
      {
        "date" : 752956509.22384,
        "title" : "Untitled",
        "transform" : [
          0.9027386,
          -4.77049e-09,
          0.4301894,
          0,
          -0.0708475,
          0.98634547,
          0.14867118,
          0,
          -0.42431542,
          -0.16468906,
          0.89041215,
          0,
          -0.65161467,
          0.23667681,
          1.2755872,
          1
        ]
      },
      {
        "date" : 752956505.610255,
        "title" : "Untitled",
        "transform" : [
          0.90273863,
          -6.293938e-09,
          0.4301895,
          0,
          -0.07084753,
          0.9863455,
          0.14867118,
          0,
          -0.42431545,
          -0.1646891,
          0.8904122,
          0,
          -23.903856,
          26.750711,
          93.343475,
          1
        ]
      }
    ]
  },
  "selectedSceneRelativePath" : "FantasyScene.usda"
}