{
  "advancedEditorSelectedIdentifier" : "BehaviorsPluginID",
  "openSceneRelativePaths" : [
    "FantasyScene.usda"
  ],
  "recentIdentifiers" : {
    "2E31150D-17B5-4793-9DBF-18EB3BADA431" : [

    ]
  },
  "sceneCameraHistory" : {
    "2E31150D-17B5-4793-9DBF-18EB3BADA431" : [
      {
        "date" : 753763554.944112,
        "title" : "Untitled",
        "transform" : [
          0.9981862,
          -2.0720044e-08,
          -0.06020288,
          0,
          -0.0045057884,
          0.9971953,
          -0.07470831,
          0,
          0.060034037,
          0.07484402,
          0.99538654,
          0,
          0.22627097,
          1.1256912,
          0.5057516,
          1
        ]
      },
      {
        "date" : 753763059.1809,
        "title" : "Untitled",
        "transform" : [
          0.9981862,
          -2.0720044e-08,
          -0.06020288,
          0,
          -0.0045057884,
          0.9971953,
          -0.07470831,
          0,
          0.060034037,
          0.07484402,
          0.99538654,
          0,
          0.22686748,
          0.99402684,
          0.5156152,
          1
        ]
      },
      {
        "date" : 753763054.946659,
        "title" : "Untitled",
        "transform" : [
          0.9981862,
          -2.0720044e-08,
          -0.06020288,
          0,
          -0.0045057884,
          0.9971953,
          -0.07470831,
          0,
          0.060034037,
          0.07484402,
          0.99538654,
          0,
          0.27545094,
          1.0545964,
          1.3211403,
          1
        ]
      },
      {
        "date" : 753763023.465113,
        "title" : "Untitled",
        "transform" : [
          0.9981862,
          -2.0720044e-08,
          -0.06020288,
          0,
          -0.0045057884,
          0.9971953,
          -0.07470831,
          0,
          0.060034037,
          0.07484402,
          0.99538654,
          0,
          0.078442775,
          0.9312328,
          1.3422983,
          1
        ]
      },
      {
        "date" : 753763016.842992,
        "title" : "Untitled",
        "transform" : [
          0.9981862,
          -2.0720044e-08,
          -0.06020288,
          0,
          -0.0045057884,
          0.9971953,
          -0.07470831,
          0,
          0.060034037,
          0.07484402,
          0.99538654,
          0,
          0.0030927062,
          0.83729434,
          0.09296608,
          1
        ]
      },
      {
        "date" : 753763009.063599,
        "title" : "Untitled",
        "transform" : [
          0.9988664,
          -2.0720044e-08,
          -0.047602296,
          0,
          -0.0035627095,
          0.9971953,
          -0.07475922,
          0,
          0.047468793,
          0.07484402,
          0.99606484,
          0,
          0.32980853,
          1.2762631,
          2.9090474,
          1
        ]
      },
      {
        "date" : 753763007.724703,
        "title" : "Untitled",
        "transform" : [
          0.9988664,
          -2.0720044e-08,
          -0.047602296,
          0,
          -0.0035627095,
          0.9971953,
          -0.07475922,
          0,
          0.047468793,
          0.07484402,
          0.99606484,
          0,
          0.18787128,
          1.0524683,
          -0.069309235,
          1
        ]
      },
      {
        "date" : 753763002.381344,
        "title" : "Untitled",
        "transform" : [
          0.9988664,
          -2.0720044e-08,
          -0.047602296,
          0,
          -0.0035627095,
          0.9971953,
          -0.07475922,
          0,
          0.047468793,
          0.07484402,
          0.99606484,
          0,
          0.36689842,
          0.97580636,
          2.1445045,
          1
        ]
      },
      {
        "date" : 753763000.681374,
        "title" : "Untitled",
        "transform" : [
          0.9988664,
          -2.0720044e-08,
          -0.047602296,
          0,
          -0.0035627095,
          0.9971953,
          -0.07475922,
          0,
          0.047468793,
          0.07484402,
          0.99606484,
          0,
          1.6685278,
          1.4884158,
          2.0439548,
          1
        ]
      },
      {
        "date" : 753762982.176322,
        "title" : "Untitled",
        "transform" : [
          0.99641645,
          -1.9458026e-08,
          0.08458291,
          0,
          0.049531918,
          0.81059915,
          -0.583503,
          0,
          -0.06856281,
          0.5856015,
          0.8076943,
          0,
          -0.26106763,
          1.8217844,
          1.4136196,
          1
        ]
      }
    ]
  },
  "sceneViewportBackgroundColors" : {

  }
}