{
  "advancedEditorSelectedIdentifier" : "BehaviorsPluginID",
  "openSceneRelativePaths" : [
    "FantasyScene.usda"
  ],
  "recentIdentifiers" : {
    "2E31150D-17B5-4793-9DBF-18EB3BADA431" : [

    ]
  },
  "sceneCameraHistory" : {
    "2E31150D-17B5-4793-9DBF-18EB3BADA431" : [
      {
        "date" : 753826387.833136,
        "title" : "Untitled",
        "transform" : [
          0.9510879,
          -1.7264114e-08,
          0.3089205,
          0,
          0.09604386,
          0.95044214,
          -0.29569465,
          0,
          -0.29361105,
          0.31090152,
          0.90395397,
          0,
          -0.2684884,
          1.1066284,
          -0.8504362,
          1
        ]
      },
      {
        "date" : 753824245.662896,
        "title" : "Untitled",
        "transform" : [
          0.9510879,
          -1.7264114e-08,
          0.3089205,
          0,
          0.09604386,
          0.95044214,
          -0.29569465,
          0,
          -0.29361105,
          0.31090152,
          0.90395397,
          0,
          -0.13664448,
          1.3924441,
          -0.90591407,
          1
        ]
      },
      {
        "date" : 753823838.378707,
        "title" : "Untitled",
        "transform" : [
          0.9510879,
          -1.7264114e-08,
          0.3089205,
          0,
          0.09604386,
          0.95044214,
          -0.29569465,
          0,
          -0.29361105,
          0.31090152,
          0.90395397,
          0,
          -0.22252226,
          1.2915965,
          -0.8991227,
          1
        ]
      },
      {
        "date" : 753814261.17197,
        "title" : "Untitled",
        "transform" : [
          0.9510879,
          -1.7264114e-08,
          0.3089205,
          0,
          0.09604386,
          0.95044214,
          -0.29569465,
          0,
          -0.29361105,
          0.31090152,
          0.90395397,
          0,
          -0.3378814,
          1.4198195,
          -0.98069334,
          1
        ]
      },
      {
        "date" : 753773589.313791,
        "title" : "Untitled",
        "transform" : [
          0.9510879,
          -1.7264114e-08,
          0.3089205,
          0,
          0.09604386,
          0.95044214,
          -0.29569465,
          0,
          -0.29361105,
          0.31090152,
          0.90395397,
          0,
          -0.3285225,
          1.1878706,
          -0.89787817,
          1
        ]
      },
      {
        "date" : 753773487.128582,
        "title" : "Untitled",
        "transform" : [
          0.9510879,
          -1.7264114e-08,
          0.3089205,
          0,
          0.09604386,
          0.95044214,
          -0.29569465,
          0,
          -0.29361105,
          0.31090152,
          0.90395397,
          0,
          -0.32928163,
          1.1878706,
          -0.8981247,
          1
        ]
      },
      {
        "date" : 753773485.337371,
        "title" : "Untitled",
        "transform" : [
          0.9510879,
          -1.7264114e-08,
          0.3089205,
          0,
          0.09604386,
          0.95044214,
          -0.29569465,
          0,
          -0.29361105,
          0.31090152,
          0.90395397,
          0,
          -0.30568507,
          1.117193,
          -0.98062605,
          1
        ]
      },
      {
        "date" : 753773475.521736,
        "title" : "Untitled",
        "transform" : [
          0.9510879,
          -2.1877987e-08,
          0.30892044,
          0,
          0.096043855,
          0.9504422,
          -0.29569462,
          0,
          -0.29361093,
          0.31090137,
          0.9039541,
          0,
          -0.36177635,
          1.2933495,
          -0.3719815,
          1
        ]
      },
      {
        "date" : 753773444.380093,
        "title" : "Untitled",
        "transform" : [
          0.99998313,
          -2.1585025e-08,
          -0.005810101,
          0,
          -0.002458227,
          0.9060833,
          -0.4230923,
          0,
          0.005264498,
          0.42309934,
          0.90606797,
          0,
          0.050549135,
          1.4932402,
          -0.36282283,
          1
        ]
      },
      {
        "date" : 753773436.349676,
        "title" : "Untitled",
        "transform" : [
          0.99998313,
          -2.1585025e-08,
          -0.005810101,
          0,
          -0.002458227,
          0.9060833,
          -0.4230923,
          0,
          0.005264498,
          0.42309934,
          0.90606797,
          0,
          0.1580584,
          1.552144,
          -0.3909533,
          1
        ]
      }
    ]
  },
  "sceneViewportBackgroundColors" : {

  }
}