{
  "advancedEditorSelectedIdentifier" : "ProjectBrowser",
  "openSceneRelativePaths" : [
    "FantasyScene.usda"
  ],
  "recentIdentifiers" : {
    "2E31150D-17B5-4793-9DBF-18EB3BADA431" : [

    ]
  },
  "sceneCameraHistory" : {
    "2E31150D-17B5-4793-9DBF-18EB3BADA431" : [
      {
        "date" : 753736153.719094,
        "title" : "Untitled",
        "transform" : [
          0.97200096,
          -1.2496027e-08,
          0.23497681,
          0,
          0.09132851,
          0.92137694,
          -0.3777879,
          0,
          -0.2165022,
          0.38867027,
          0.8955792,
          0,
          0.055057935,
          0.9988927,
          -0.26678297,
          1
        ]
      },
      {
        "date" : 753736151.318095,
        "title" : "Untitled",
        "transform" : [
          0.97200096,
          -1.2496027e-08,
          0.23497681,
          0,
          0.09132851,
          0.92137694,
          -0.3777879,
          0,
          -0.2165022,
          0.38867027,
          0.8955792,
          0,
          -0.15418947,
          1.4119306,
          1.1451738,
          1
        ]
      },
      {
        "date" : 753736064.081172,
        "title" : "Untitled",
        "transform" : [
          0.97200096,
          -1.2496027e-08,
          0.23497681,
          0,
          0.09132851,
          0.92137694,
          -0.3777879,
          0,
          -0.2165022,
          0.38867027,
          0.8955792,
          0,
          -0.14632641,
          0.39633608,
          0.7775515,
          1
        ]
      },
      {
        "date" : 753736056.191015,
        "title" : "Untitled",
        "transform" : [
          0.97200096,
          -1.2496027e-08,
          0.23497681,
          0,
          0.09132851,
          0.92137694,
          -0.3777879,
          0,
          -0.2165022,
          0.38867027,
          0.8955792,
          0,
          -0.029548476,
          0.0512277,
          0.14873612,
          1
        ]
      },
      {
        "date" : 753672242.975262,
        "title" : "Untitled",
        "transform" : [
          0.97200096,
          -1.1604486e-09,
          0.23497681,
          0,
          0.091328494,
          0.92137694,
          -0.3777879,
          0,
          -0.21650225,
          0.38867036,
          0.89557916,
          0,
          0.17235279,
          1.2747189,
          -0.8749683,
          1
        ]
      },
      {
        "date" : 753672231.195838,
        "title" : "Untitled",
        "transform" : [
          0.97200096,
          -1.1604486e-09,
          0.23497681,
          0,
          0.091328494,
          0.92137694,
          -0.3777879,
          0,
          -0.21650225,
          0.38867036,
          0.89557916,
          0,
          -0.031122208,
          1.3172454,
          -0.9426131,
          1
        ]
      },
      {
        "date" : 753638593.837227,
        "title" : "Untitled",
        "transform" : [
          0.97200096,
          -1.1604486e-09,
          0.23497681,
          0,
          0.091328494,
          0.92137694,
          -0.3777879,
          0,
          -0.21650225,
          0.38867036,
          0.89557916,
          0,
          -0.3116989,
          1.3258513,
          -1.0141759,
          1
        ]
      },
      {
        "date" : 753638577.9698,
        "title" : "Untitled",
        "transform" : [
          0.97200096,
          -1.1604486e-09,
          0.23497681,
          0,
          0.091328494,
          0.92137694,
          -0.3777879,
          0,
          -0.21650225,
          0.38867036,
          0.89557916,
          0,
          0.04235816,
          1.3258513,
          -0.9285841,
          1
        ]
      },
      {
        "date" : 753638563.555072,
        "title" : "Untitled",
        "transform" : [
          0.97200096,
          -1.1604486e-09,
          0.23497681,
          0,
          0.091328494,
          0.92137694,
          -0.3777879,
          0,
          -0.21650225,
          0.38867036,
          0.89557916,
          0,
          0.25319007,
          1.370319,
          -0.8969146,
          1
        ]
      },
      {
        "date" : 753638559.486534,
        "title" : "Untitled",
        "transform" : [
          0.97200096,
          -1.1604486e-09,
          0.23497681,
          0,
          0.091328494,
          0.92137694,
          -0.3777879,
          0,
          -0.21650225,
          0.38867036,
          0.89557916,
          0,
          -0.13053775,
          1.2773387,
          -0.6245167,
          1
        ]
      }
    ]
  },
  "sceneViewportBackgroundColors" : {

  }
}