{
  "advancedEditorSelectedIdentifier" : "ProjectBrowser",
  "openSceneRelativePaths" : [
    "FantasyScene.usda"
  ],
  "recentIdentifiers" : {

  },
  "sceneCameraHistory" : {
    "2E31150D-17B5-4793-9DBF-18EB3BADA431" : [
      {
        "date" : 753638593.837227,
        "title" : "Untitled",
        "transform" : [
          0.97200096,
          -1.1604486e-09,
          0.23497681,
          0,
          0.091328494,
          0.92137694,
          -0.3777879,
          0,
          -0.21650225,
          0.38867036,
          0.89557916,
          0,
          -0.3116989,
          1.3258513,
          -1.0141759,
          1
        ]
      },
      {
        "date" : 753638577.9698,
        "title" : "Untitled",
        "transform" : [
          0.97200096,
          -1.1604486e-09,
          0.23497681,
          0,
          0.091328494,
          0.92137694,
          -0.3777879,
          0,
          -0.21650225,
          0.38867036,
          0.89557916,
          0,
          0.04235816,
          1.3258513,
          -0.9285841,
          1
        ]
      },
      {
        "date" : 753638563.555072,
        "title" : "Untitled",
        "transform" : [
          0.97200096,
          -1.1604486e-09,
          0.23497681,
          0,
          0.091328494,
          0.92137694,
          -0.3777879,
          0,
          -0.21650225,
          0.38867036,
          0.89557916,
          0,
          0.25319007,
          1.370319,
          -0.8969146,
          1
        ]
      },
      {
        "date" : 753638559.486534,
        "title" : "Untitled",
        "transform" : [
          0.97200096,
          -1.1604486e-09,
          0.23497681,
          0,
          0.091328494,
          0.92137694,
          -0.3777879,
          0,
          -0.21650225,
          0.38867036,
          0.89557916,
          0,
          -0.13053775,
          1.2773387,
          -0.6245167,
          1
        ]
      },
      {
        "date" : 753638552.12952,
        "title" : "Untitled",
        "transform" : [
          0.97200096,
          -1.1604486e-09,
          0.23497681,
          0,
          0.091328494,
          0.92137694,
          -0.3777879,
          0,
          -0.21650225,
          0.38867036,
          0.89557916,
          0,
          0.025933564,
          1.3805918,
          -0.91575456,
          1
        ]
      },
      {
        "date" : 753638445.249069,
        "title" : "Untitled",
        "transform" : [
          0.97200096,
          -1.1604486e-09,
          0.23497681,
          0,
          0.091328494,
          0.92137694,
          -0.3777879,
          0,
          -0.21650225,
          0.38867036,
          0.89557916,
          0,
          0.00056029484,
          1.3889806,
          -0.63848215,
          1
        ]
      },
      {
        "date" : 753637832.688977,
        "title" : "Untitled",
        "transform" : [
          0.97200096,
          -1.1604486e-09,
          0.23497681,
          0,
          0.091328494,
          0.92137694,
          -0.3777879,
          0,
          -0.21650225,
          0.38867036,
          0.89557916,
          0,
          -0.061252207,
          1.4116828,
          -0.36878037,
          1
        ]
      },
      {
        "date" : 753637827.37908,
        "title" : "Untitled",
        "transform" : [
          0.97200096,
          -1.1604486e-09,
          0.23497681,
          0,
          0.091328494,
          0.92137694,
          -0.3777879,
          0,
          -0.21650225,
          0.38867036,
          0.89557916,
          0,
          0.100209355,
          1.4216415,
          -1.0901579,
          1
        ]
      },
      {
        "date" : 753637824.054037,
        "title" : "Untitled",
        "transform" : [
          0.95559525,
          -6.5209846e-09,
          0.29468232,
          0,
          0.2131488,
          0.6905158,
          -0.6911986,
          0,
          -0.20348284,
          0.7233173,
          0.6598536,
          0,
          0.0888657,
          1.7129844,
          -1.2128465,
          1
        ]
      },
      {
        "date" : 753637813.437299,
        "title" : "Untitled",
        "transform" : [
          0.95559525,
          -6.5209846e-09,
          0.29468232,
          0,
          0.2131488,
          0.6905158,
          -0.6911986,
          0,
          -0.20348284,
          0.7233173,
          0.6598536,
          0,
          0.14568739,
          1.5824544,
          -1.4026039,
          1
        ]
      }
    ]
  },
  "sceneViewportBackgroundColors" : {

  }
}